Data Generated by,Optosky
File Version:,1.2
标题,2407261537520 80mw 1000ms
操作员,admin
描述,50度
扫描时间,2024/7/26 15:37:52
积分时间(ms),1000
激光功率(mW),80
平均次数,1
采集模式,高精采集
采样间隔,500
设备型号,ATR2500
像素个数,2048
设备序列号,20230520025
Pixel,Raman Shift,Raw,Dark,Dark Subtracted,BaseLine Subtracted
0,193.2293,14012.0,13275.0,737.0,309.1370537932313
1,195.9722,14012.0,13275.0,737.0,306.8110164167715
2,198.7144,14012.0,13275.0,737.0,303.9985475148949
3,201.4558,14012.0,13275.0,737.0,300.8426941522948
4,204.1965,14012.0,13275.0,737.0,297.5762202096834
5,206.9364,14012.0,13275.0,737.0,292.5755448186311
6,209.6757,14012.0,13275.0,737.0,285.32924885545174
7,212.4141,14012.0,13275.0,737.0,282.70554718391116
8,215.1519,14012.0,13275.0,737.0,282.7818790387941
9,217.8889,14097.0,13510.0,587.0,255.4799657650797
10,220.6251,14093.0,13272.0,821.0,265.89435588001606
11,223.3606,13927.0,13228.0,699.0,252.70365292449364
12,226.0954,13819.0,13134.0,685.0,242.86896154122275
13,228.8294,13710.0,13065.0,645.0,233.62649098666225
14,231.5626,13700.0,13089.0,611.0,225.36560957720675
15,234.2951,13634.0,13038.0,596.0,216.3315178070723
16,237.0269,13555.0,12996.0,559.0,206.80882653371276
17,239.7578,13481.0,12935.0,546.0,197.47391214793439
18,242.4881,13455.0,12890.0,565.0,188.17032411899928
19,245.2175,13338.0,12874.0,464.0,178.80936868009834
20,247.9463,13287.0,12669.0,618.0,169.51098828184553
21,250.6742,13333.0,12760.0,573.0,160.37629778234924
22,253.4014,13302.0,12871.0,431.0,151.48192059751938
23,256.1278,13199.0,12695.0,504.0,142.90903838519264
24,258.8534,13257.0,12689.0,568.0,134.66784134341557
25,261.5783,13283.0,12802.0,481.0,126.7333903346197
26,264.3024,13388.0,12882.0,506.0,119.14225816173419
27,267.0258,13295.0,12789.0,506.0,111.92139280738034
28,269.7483,13125.0,12673.0,452.0,105.04087686878195
29,272.4701,13230.0,12670.0,560.0,98.48310563842051
30,275.1911,13241.0,12713.0,528.0,92.18939095430702
31,277.9114,13112.0,12613.0,499.0,86.0983645375683
32,280.6308,13129.0,12598.0,531.0,80.29305874981596
33,283.3495,13176.0,12716.0,460.0,74.89111395829092
34,286.0674,13153.0,12735.0,418.0,69.96967391018113
35,288.7845,13096.0,12670.0,426.0,65.62121757720048
36,291.5008,13184.0,12606.0,578.0,61.888556176793756
37,294.2163,13362.0,12747.0,615.0,58.77774698808761
38,296.9311,13462.0,12942.0,520.0,56.37096876931067
39,299.645,13274.0,12809.0,465.0,54.73518307846425
40,302.3582,13034.0,12707.0,327.0,53.833385406791336
41,305.0706,13066.0,12693.0,373.0,53.61981404689976
42,307.7822,13185.0,12769.0,416.0,53.991007368330955
43,310.4929,13337.0,12857.0,480.0,54.82908425063506
44,313.2029,13171.0,12702.0,469.0,56.15482169637961
45,315.9121,13135.0,12653.0,482.0,58.0221793870516
46,318.6205,13047.0,12630.0,417.0,60.45655281252849
47,321.3281,13118.0,12866.0,252.0,63.444693932622485
48,324.0349,13336.0,12950.0,386.0,66.9612030505861
49,326.7409,13213.0,12719.0,494.0,70.891819213812
50,329.4461,13141.0,12632.0,509.0,74.9602247556064
51,332.1504,13137.0,12711.0,426.0,79.06154368520546
52,334.854,13117.0,12671.0,446.0,82.78182865398523
53,337.5567,13118.0,12651.0,467.0,85.76113034725093
54,340.2587,13088.0,12635.0,453.0,88.95072749038607
55,342.9598,13090.0,12702.0,388.0,92.15828882100523
56,345.6601,13010.0,12613.0,397.0,95.37593318269575
57,348.3596,13038.0,12515.0,523.0,101.78827530272406
58,351.0583,13003.0,12481.0,522.0,106.56252617373403
59,353.7562,13148.0,12651.0,497.0,99.72893871898276
60,356.4532,13489.0,13059.0,430.0,91.70947212125645
61,359.1495,13449.0,13028.0,421.0,99.30681687797761
62,361.8449,13047.0,12507.0,540.0,112.41306026324787
63,364.5395,13023.0,12420.0,603.0,115.2899435017406
64,367.2332,13016.0,12559.0,457.0,113.84743818189352
65,369.9262,12876.0,12441.0,435.0,116.97655993185617
66,372.6183,12798.0,12356.0,442.0,122.87335184952417
67,375.3095,12857.0,12355.0,502.0,128.99255827493286
68,378.0,12965.0,12452.0,513.0,135.5932665011975
69,380.6896,12906.0,12451.0,455.0,142.76205113393777
70,383.3784,12664.0,12244.0,420.0,149.74635584230808
71,386.0664,12793.0,12246.0,547.0,155.73400455937724
72,388.7535,12764.0,12209.0,555.0,161.13046339725005
73,391.4398,12454.0,12046.0,408.0,166.82539495793023
74,394.1252,12527.0,12047.0,480.0,172.69824113754203
75,396.8098,12628.0,12036.0,592.0,178.71514156955274
76,399.4936,12574.0,12039.0,535.0,185.8304121984818
77,402.1765,12608.0,12086.0,522.0,194.79009119967142
78,404.8586,12567.0,12009.0,558.0,206.70892982926605
79,407.5399,12405.0,11959.0,446.0,222.7294997199995
80,410.2203,12426.0,11880.0,546.0,241.70979899355189
81,412.8998,12473.0,11865.0,608.0,261.7304253673272
82,415.5785,12424.0,11887.0,537.0,281.9137122008166
83,418.2564,12449.0,11826.0,623.0,301.12620786517084
84,420.9334,12212.0,11499.0,713.0,317.9332297949226
85,423.6096,12337.0,11608.0,729.0,331.3580952379994
86,426.2849,12382.0,11616.0,766.0,339.4716051964038
87,428.9593,12156.0,11381.0,775.0,340.4456255786073
88,431.6329,12162.0,11451.0,711.0,335.04203094289807
89,434.3057,12126.0,11427.0,699.0,324.6955785402823
90,436.9775,12238.0,11430.0,808.0,310.5541018348285
91,439.6486,12103.0,11460.0,643.0,294.1076425712749
92,442.3187,11678.0,11092.0,586.0,275.95676767189474
93,444.9881,11623.0,11009.0,614.0,256.29560176202017
94,447.6565,11425.0,10857.0,568.0,236.223725745549
95,450.3241,11297.0,10741.0,556.0,216.7729625961296
96,452.9908,11265.0,10714.0,551.0,198.17291713116379
97,455.6567,11423.0,10818.0,605.0,180.57978401213114
98,458.3217,11499.0,11018.0,481.0,163.82316882676878
99,460.9858,11284.0,10810.0,474.0,147.6182828306518
100,463.6491,11080.0,10618.0,462.0,132.483166023898
101,466.3114,10976.0,10575.0,401.0,119.04596935536098
102,468.973,10845.0,10445.0,400.0,107.7891160757687
103,471.6336,10853.0,10439.0,414.0,99.13683128225453
104,474.2934,10842.0,10391.0,451.0,92.99527642598204
105,476.9523,10784.0,10401.0,383.0,89.03766027193073
106,479.6103,10914.0,10517.0,397.0,86.84506774685089
107,482.2675,10866.0,10432.0,434.0,86.06146671853305
108,484.9237,10752.0,10369.0,383.0,86.30733109227195
109,487.5791,10563.0,10225.0,338.0,87.29791201967458
110,490.2336,10520.0,10200.0,320.0,89.6182562612178
111,492.8873,10419.0,10116.0,303.0,92.90317357167244
112,495.54,10433.0,10124.0,309.0,96.90620764367743
113,498.1919,10818.0,10344.0,474.0,103.93279891586316
114,500.8429,10799.0,10288.0,511.0,109.85698808333878
115,503.493,10698.0,10296.0,402.0,106.26535081373916
116,506.1422,10765.0,10470.0,295.0,101.29737876390419
117,508.7905,10772.0,10410.0,362.0,108.42172640616484
118,511.438,10673.0,10280.0,393.0,118.66526509711154
119,514.0845,10509.0,10140.0,369.0,118.33800669962922
120,516.7302,10501.0,10104.0,397.0,112.46659758968886
121,519.375,10646.0,10251.0,395.0,108.87312159379057
122,522.0188,10808.0,10455.0,353.0,106.03757861657334
123,524.6618,10948.0,10490.0,458.0,101.88955288008057
124,527.3039,11006.0,10608.0,398.0,97.17805440582063
125,529.9451,10954.0,10666.0,288.0,92.46706467666645
126,532.5854,11005.0,10679.0,326.0,87.70240274614218
127,535.2248,10934.0,10631.0,303.0,82.84093791432419
128,537.8633,10940.0,10637.0,303.0,78.01487866060816
129,540.5009,11039.0,10636.0,403.0,73.37581575711337
130,543.1377,11055.0,10671.0,384.0,68.89079073961565
131,545.7735,11038.0,10683.0,355.0,64.55399234170181
132,548.4084,11329.0,10979.0,350.0,60.46693240246662
133,551.0424,11560.0,11214.0,346.0,56.73098106775964
134,553.6755,11581.0,11242.0,339.0,53.68760345742498
135,556.3077,11633.0,11323.0,310.0,51.47704810209468
136,558.9389,11523.0,11163.0,360.0,50.034230553895064
137,561.5693,11364.0,10963.0,401.0,49.75980397266331
138,564.1988,11336.0,10929.0,407.0,49.7468824152322
139,566.8274,11128.0,10825.0,303.0,48.1712058666014
140,569.455,10800.0,10631.0,169.0,46.71197211296615
141,572.0818,10751.0,10493.0,258.0,48.17481665060406
142,574.7076,10742.0,10385.0,357.0,50.65156614251996
143,577.3325,10548.0,10184.0,364.0,51.25942419650347
144,579.9565,10326.0,10064.0,262.0,51.00182040211339
145,582.5796,10138.0,9905.0,233.0,51.44421070105485
146,585.2018,9931.0,9652.0,279.0,52.266345835494334
147,587.8231,9893.0,9526.0,367.0,53.034667815402614
148,590.4434,9886.0,9526.0,360.0,53.81286282912578
149,593.0628,9991.0,9652.0,339.0,54.62200151307467
150,595.6813,10233.0,9900.0,333.0,55.35017079708542
151,598.2989,10609.0,10260.0,349.0,55.8888500237175
152,600.9156,10846.0,10567.0,279.0,56.266474884287945
153,603.5313,11129.0,10829.0,300.0,56.55089665594292
154,606.1461,11397.0,11016.0,381.0,56.75013850426357
155,608.76,11468.0,11094.0,374.0,56.88479708222141
156,611.373,11572.0,11258.0,314.0,56.9965064061983
157,613.9851,11251.0,10979.0,272.0,57.111633416384564
158,616.5962,11416.0,11070.0,346.0,57.29788692128146
159,619.2064,11590.0,11338.0,252.0,57.62392396732023
160,621.8157,11614.0,11373.0,241.0,58.05777267471275
161,624.424,11444.0,11101.0,343.0,58.544257700732224
162,627.0314,11175.0,10835.0,340.0,59.047609509077255
163,629.6379,10968.0,10659.0,309.0,59.52047963636391
164,632.2434,10953.0,10643.0,310.0,59.95269351814338
165,634.8481,11023.0,10752.0,271.0,60.35493751904544
166,637.4517,11122.0,10814.0,308.0,60.6928259912267
167,640.0545,11139.0,10807.0,332.0,60.93867666745361
168,642.6563,11088.0,10851.0,237.0,61.113746893073554
169,645.2572,11096.0,10837.0,259.0,61.24014976095087
170,647.8571,11083.0,10820.0,263.0,61.37035011066087
171,650.4561,10815.0,10579.0,236.0,61.56419308914138
172,653.0542,10643.0,10369.0,274.0,61.80371982312738
173,655.6514,10380.0,10073.0,307.0,62.06204585699793
174,658.2475,10334.0,10044.0,290.0,62.3289509679659
175,660.8428,10363.0,10114.0,249.0,62.59004083111565
176,663.4371,10443.0,10159.0,284.0,62.89343695568599
177,666.0305,10545.0,10274.0,271.0,63.30929410304458
178,668.6229,10662.0,10368.0,294.0,63.86159477424631
179,671.2144,10669.0,10368.0,301.0,64.58566356172864
180,673.8049,10595.0,10335.0,260.0,65.51928113534869
181,676.3945,10549.0,10247.0,302.0,66.72075868261555
182,678.9832,10582.0,10265.0,317.0,68.30019065512936
183,681.5709,10715.0,10380.0,335.0,70.2653622055089
184,684.1577,10742.0,10346.0,396.0,72.74557311664982
185,686.7435,10601.0,10361.0,240.0,75.78087267551932
186,689.3283,10694.0,10529.0,165.0,78.85671966680977
187,691.9122,10719.0,10532.0,187.0,81.8115665089679
188,694.4952,10853.0,10562.0,291.0,84.09015309683282
189,697.0772,10977.0,10707.0,270.0,85.21799616333122
190,699.6583,10796.0,10596.0,200.0,87.45747987717446
191,702.2384,10733.0,10448.0,285.0,90.6750748956939
192,704.8175,10823.0,10444.0,379.0,94.69023385154773
193,707.3957,10996.0,10543.0,453.0,105.75169093003304
194,709.973,10848.0,10491.0,357.0,113.60469031749255
195,712.5493,10584.0,10310.0,274.0,97.31307990427466
196,715.1246,10598.0,10340.0,258.0,78.05663704459857
197,717.699,10563.0,10300.0,263.0,90.23665337196773
198,720.2724,10632.0,10297.0,335.0,112.60928855547361
199,722.8449,10764.0,10337.0,427.0,112.21408357374604
200,725.4164,10670.0,10425.0,245.0,101.0772039943264
201,727.9869,10785.0,10588.0,197.0,97.67155911469071
202,730.5565,10829.0,10550.0,279.0,97.78808631417256
203,733.1252,10728.0,10408.0,320.0,95.6641054722134
204,735.6928,10704.0,10458.0,246.0,92.59141366991308
205,738.2595,10699.0,10464.0,235.0,89.62819391250049
206,740.8253,10484.0,10250.0,234.0,85.68461433578301
207,743.3901,10588.0,10323.0,265.0,79.76575707630793
208,745.9539,10730.0,10430.0,300.0,72.34750545368563
209,748.5167,10814.0,10493.0,321.0,64.1645396158371
210,751.0786,10839.0,10516.0,323.0,55.730492006405335
211,753.6395,10808.0,10569.0,239.0,47.67280897290036
212,756.1995,10868.0,10731.0,137.0,40.210881536721836
213,758.7585,10927.0,10701.0,226.0,33.405206137939246
214,761.3165,10937.0,10592.0,345.0,27.57032361575704
215,763.8735,10931.0,10664.0,267.0,22.966352406479146
216,766.4296,10862.0,10540.0,322.0,19.762492800416414
217,768.9847,10976.0,10733.0,243.0,18.080289610613033
218,771.5389,11009.0,10856.0,153.0,17.831506150937614
219,774.092,10888.0,10656.0,232.0,18.949004857633245
220,776.6442,10895.0,10564.0,331.0,21.315570166253156
221,779.1955,10957.0,10646.0,311.0,24.687933520601494
222,781.7457,11006.0,10630.0,376.0,29.381922824119364
223,784.295,11058.0,10682.0,376.0,35.564310532839066
224,786.8433,11138.0,10852.0,286.0,42.7418686674432
225,789.3906,11013.0,10742.0,271.0,50.63217977759391
226,791.937,10990.0,10769.0,221.0,57.91060169627063
227,794.4824,10913.0,10637.0,276.0,63.20196292841963
228,797.0268,10875.0,10653.0,222.0,67.59416321361505
229,799.5702,10851.0,10638.0,213.0,72.22282446179594
230,802.1127,10998.0,10717.0,281.0,78.14196314683501
231,804.6542,11145.0,10832.0,313.0,86.9756450133596
232,807.1947,11152.0,10888.0,264.0,96.87877904744798
233,809.7342,11161.0,10844.0,317.0,105.00056235104044
234,812.2727,10985.0,10717.0,268.0,112.50298963797526
235,814.8103,11055.0,10654.0,401.0,119.54431492659742
236,817.3468,11042.0,10726.0,316.0,125.39233451598122
237,819.8824,10856.0,10688.0,168.0,131.2921218607773
238,822.4171,11046.0,10710.0,336.0,130.37300812818538
239,824.9507,11082.0,10750.0,332.0,117.0050333142906
240,827.4833,11013.0,10719.0,294.0,98.54812370973916
241,830.015,10989.0,10659.0,330.0,81.6908821131827
242,832.5457,10992.0,10702.0,290.0,81.55844061631284
243,835.0754,11039.0,10709.0,330.0,114.22461686395953
244,837.6041,11057.0,10637.0,420.0,169.2840879125568
245,840.1318,11154.0,10761.0,393.0,233.37606142409538
246,842.6586,11264.0,10809.0,455.0,296.9812682276314
247,845.1843,11232.0,10695.0,537.0,346.1567312656214
248,847.7091,11159.0,10740.0,419.0,392.3997163624645
249,850.2329,11220.0,10722.0,498.0,457.7840462043816
250,852.7557,11417.0,10692.0,725.0,533.9280190595647
251,855.2775,11522.0,10716.0,806.0,614.0662258714307
252,857.7983,11612.0,10771.0,841.0,712.5557657221121
253,860.3181,11877.0,10806.0,1071.0,838.5544684267654
254,862.8369,12148.0,10793.0,1355.0,1022.182271627786
255,865.3548,12232.0,10634.0,1598.0,1279.9253905357036
256,867.8716,12587.0,10754.0,1833.0,1579.5359744918883
257,870.3875,12952.0,10837.0,2115.0,1888.9109951906328
258,872.9024,13556.0,11153.0,2403.0,2114.680852285338
259,875.4163,13878.0,11266.0,2612.0,2154.2616722254584
260,877.9292,13010.0,10587.0,2423.0,2030.2541709754616
261,880.441,12695.0,10543.0,2152.0,1794.6602678478012
262,882.952,12290.0,10512.0,1778.0,1487.8503065848759
263,885.4619,11840.0,10450.0,1390.0,1173.7109829839378
264,887.9708,11505.0,10535.0,970.0,868.8276421248338
265,890.4787,11321.0,10657.0,664.0,563.6467942017722
266,892.9856,11119.0,10653.0,466.0,319.7617151877407
267,895.4915,10977.0,10576.0,401.0,196.75880484554088
268,897.9965,10996.0,10623.0,373.0,167.95052624112122
269,900.5004,11058.0,10581.0,477.0,197.97228139485003
270,903.0033,10938.0,10510.0,428.0,238.20498041228166
271,905.5053,10979.0,10632.0,347.0,227.96223142853597
272,908.0062,10930.0,10616.0,314.0,187.8528497283572
273,910.5062,10802.0,10415.0,387.0,160.62373928195797
274,913.0051,10947.0,10482.0,465.0,144.4532884931755
275,915.5031,11003.0,10629.0,374.0,135.16143300639857
276,918.0,11049.0,10766.0,283.0,132.7257688977552
277,920.4959,10963.0,10630.0,333.0,133.1179329659496
278,922.9909,10913.0,10547.0,366.0,133.97915603958242
279,925.4848,10871.0,10635.0,236.0,131.97368879754393
280,927.9778,10863.0,10636.0,227.0,126.34479938464514
281,930.4697,10894.0,10555.0,339.0,118.87697856148813
282,932.9607,10889.0,10469.0,420.0,104.50510002004486
283,935.4506,10996.0,10657.0,339.0,78.47859199840043
284,937.9395,10871.0,10581.0,290.0,45.95921767253728
285,940.4275,10701.0,10494.0,207.0,12.84173503618098
286,942.9144,10717.0,10503.0,214.0,-13.18871221315631
287,945.4003,10788.0,10526.0,262.0,-24.04747477630879
288,947.8853,10800.0,10564.0,236.0,-22.64915201891789
289,950.3692,10695.0,10384.0,311.0,-14.642614211316626
290,952.8521,10622.0,10329.0,293.0,-3.7440410264574777
291,955.334,10602.0,10351.0,251.0,5.507451216012528
292,957.8149,10596.0,10377.0,219.0,13.092516737247644
293,960.2948,10440.0,10236.0,204.0,20.697897344391887
294,962.7737,10319.0,10106.0,213.0,27.442212174539435
295,965.2516,10395.0,10050.0,345.0,32.68620054970754
296,967.7284,10359.0,10097.0,262.0,36.396845033449765
297,970.2043,10170.0,9914.0,256.0,38.373443899804684
298,972.6792,10016.0,9810.0,206.0,39.37543939855324
299,975.153,10035.0,9847.0,188.0,40.33007146297695
300,977.6259,10313.0,10009.0,304.0,41.1029692755214
301,980.0977,10297.0,10094.0,203.0,41.51306496114916
302,982.5685,10335.0,10137.0,198.0,41.26952847732442
303,985.0384,10500.0,10203.0,297.0,40.07998767423853
304,987.5072,10429.0,10217.0,212.0,38.66693528299817
305,989.975,10260.0,10038.0,222.0,37.831836715595266
306,992.4418,10434.0,10041.0,393.0,38.419017353496095
307,994.9076,10479.0,10084.0,395.0,41.43483578375139
308,997.3723,10418.0,10101.0,317.0,46.52356456396697
309,999.8361,10432.0,10160.0,272.0,52.9622969510612
310,1002.2988,10530.0,10233.0,297.0,61.13832926760141
311,1004.7606,10625.0,10272.0,353.0,71.18140315606583
312,1007.2213,10513.0,10176.0,337.0,83.19504007538775
313,1009.681,10449.0,10132.0,317.0,98.00502405537044
314,1012.1397,10456.0,10106.0,350.0,114.30180039106898
315,1014.5974,10453.0,10126.0,327.0,130.64675949959917
316,1017.0541,10462.0,10166.0,296.0,149.6106095797341
317,1019.5097,10404.0,10008.0,396.0,173.97030484130727
318,1021.9644,10524.0,10038.0,486.0,205.8709483979883
319,1024.418,10382.0,9927.0,455.0,247.52121367680036
320,1026.8707,10164.0,9719.0,445.0,296.97695641546466
321,1029.3223,10135.0,9577.0,558.0,349.72322760638593
322,1031.7729,10204.0,9532.0,672.0,404.16534201882257
323,1034.2224,10202.0,9487.0,715.0,459.25263285218216
324,1036.671,10391.0,9597.0,794.0,508.0015277581629
325,1039.1186,10598.0,9765.0,833.0,544.4295952817731
326,1041.5651,10799.0,9952.0,847.0,568.3673540815083
327,1044.0106,10980.0,10128.0,852.0,573.2078795765211
328,1046.4551,11085.0,10209.0,876.0,562.4777477097037
329,1048.8986,11029.0,10130.0,899.0,560.3031513639165
330,1051.3411,10981.0,10148.0,833.0,542.5205295809615
331,1053.7825,10849.0,10130.0,719.0,458.069170114948
332,1056.223,10726.0,10170.0,556.0,368.841646797148
333,1058.6624,10764.0,10238.0,526.0,369.60404989249434
334,1061.1008,10954.0,10251.0,703.0,412.8105321863389
335,1063.5382,10996.0,10250.0,746.0,420.01258019190465
336,1065.9746,10886.0,10237.0,649.0,418.85652940616876
337,1068.4099,10923.0,10205.0,718.0,450.34915646410394
338,1070.8442,10992.0,10197.0,795.0,499.1919468074234
339,1073.2776,11047.0,10209.0,838.0,544.5674157623841
340,1075.7099,11182.0,10231.0,951.0,585.3808203034297
341,1078.1411,11247.0,10262.0,985.0,621.9885036445103
342,1080.5714,11279.0,10304.0,975.0,644.8955494626603
343,1083.0006,11328.0,10324.0,1004.0,645.0963876418733
344,1085.4289,11217.0,10204.0,1013.0,625.7669994273549
345,1087.8561,11313.0,10343.0,970.0,592.85084012438
346,1090.2823,11447.0,10523.0,924.0,550.5684604332783
347,1092.7074,11113.0,10366.0,747.0,504.5424708308099
348,1095.1316,11022.0,10348.0,674.0,456.93487936442176
349,1097.5547,11032.0,10334.0,698.0,408.0408867423447
350,1099.9768,10972.0,10387.0,585.0,361.89362556877967
351,1102.3979,11029.0,10369.0,660.0,322.292819567829
352,1104.818,10934.0,10279.0,655.0,288.7631521153085
353,1107.237,10855.0,10288.0,567.0,260.0770415067017
354,1109.655,10760.0,10251.0,509.0,234.6938185073349
355,1112.072,10722.0,10157.0,565.0,210.4790380420492
356,1114.488,10736.0,10214.0,522.0,187.67442802673008
357,1116.903,10769.0,10371.0,398.0,167.2388779633191
358,1119.3169,10885.0,10420.0,465.0,148.7879642194773
359,1121.7298,10806.0,10265.0,541.0,132.00143541095116
360,1124.1417,10703.0,10252.0,451.0,116.96315249401707
361,1126.5526,10670.0,10259.0,411.0,103.67822464542292
362,1128.9625,10746.0,10337.0,409.0,92.44598108302807
363,1131.3713,10660.0,10328.0,332.0,83.6277385953906
364,1133.7791,10699.0,10278.0,421.0,77.04818440757305
365,1136.1859,10521.0,10140.0,381.0,72.3842652686966
366,1138.5917,10473.0,10133.0,340.0,69.42037717223087
367,1140.9964,10569.0,10200.0,369.0,67.91494838802801
368,1143.4002,10588.0,10244.0,344.0,67.61502771738077
369,1145.8029,10527.0,10185.0,342.0,68.23077157613604
370,1148.2045,10496.0,10196.0,300.0,69.59311074764454
371,1150.6052,10468.0,10094.0,374.0,71.5159885833133
372,1153.0048,10398.0,10002.0,396.0,73.56264019428139
373,1155.4034,10440.0,10026.0,414.0,75.33743357063074
374,1157.801,10397.0,9982.0,415.0,76.36599967952714
375,1160.1976,10356.0,10016.0,340.0,76.19071256158419
376,1162.5931,10430.0,10121.0,309.0,74.94032084247125
377,1164.9877,10567.0,10157.0,410.0,72.93552659602057
378,1167.3812,10464.0,10025.0,439.0,70.32808321810846
379,1169.7736,10358.0,9947.0,411.0,67.35285290330651
380,1172.1651,10296.0,10026.0,270.0,64.20367226660277
381,1174.5555,10349.0,10056.0,293.0,60.98137507978156
382,1176.9449,10329.0,9924.0,405.0,58.038283477518476
383,1179.3333,10344.0,9900.0,444.0,55.717277557256956
384,1181.7206,10395.0,9967.0,428.0,53.93315041172092
385,1184.107,10292.0,9851.0,441.0,52.52663232082509
386,1186.4923,10238.0,9822.0,416.0,51.326517768815194
387,1188.8766,10152.0,9886.0,266.0,50.110339248706715
388,1191.2598,10062.0,9778.0,284.0,48.946088649812836
389,1193.6421,9889.0,9517.0,372.0,47.98313066052496
390,1196.0233,9842.0,9423.0,419.0,47.20905050097905
391,1198.4035,9841.0,9311.0,530.0,46.63665043563542
392,1200.7826,9898.0,9471.0,427.0,46.2686950039897
393,1203.1608,10075.0,9697.0,378.0,46.05302703112672
394,1205.5379,10294.0,9872.0,422.0,46.11113346004674
395,1207.914,10379.0,9873.0,506.0,46.56676711160012
396,1210.289,10434.0,9951.0,483.0,47.29174240239065
397,1212.6631,10361.0,9965.0,396.0,48.163900721683405
398,1215.0361,10437.0,9976.0,461.0,49.020851238802784
399,1217.4081,10505.0,9896.0,609.0,49.68909191609812
400,1219.7791,10463.0,9966.0,497.0,50.372766339838684
401,1222.149,10551.0,10089.0,462.0,51.38891476206571
402,1224.5179,10384.0,9936.0,448.0,52.89421327010661
403,1226.8858,10490.0,10066.0,424.0,55.08155580473656
404,1229.2527,10620.0,10068.0,552.0,58.11309953746431
405,1231.6186,10379.0,9901.0,478.0,62.04767311044809
406,1233.9834,10549.0,10124.0,425.0,67.13187725923407
407,1236.3472,10758.0,10260.0,498.0,73.60160681830713
408,1238.71,10541.0,10097.0,444.0,81.24899501081505
409,1241.0717,10584.0,10114.0,470.0,89.82610090867581
410,1243.4324,10753.0,10198.0,555.0,99.14237604465804
411,1245.7921,10496.0,9900.0,596.0,108.8390893253883
412,1248.1508,10457.0,9926.0,531.0,119.06340629495656
413,1250.5085,10512.0,10058.0,454.0,129.98512551406552
414,1252.8651,10700.0,10133.0,567.0,140.81687979203826
415,1255.2207,10562.0,9977.0,585.0,151.54304616201043
416,1257.5753,10432.0,9796.0,636.0,161.8738684419528
417,1259.9289,10466.0,9817.0,649.0,169.39357057318458
418,1262.2814,10490.0,9885.0,605.0,177.10161166619147
419,1264.6329,10852.0,10154.0,698.0,191.31512618769315
420,1266.9834,11145.0,10326.0,819.0,205.06312786035747
421,1269.3329,10864.0,9996.0,868.0,207.33617364574906
422,1271.6813,10653.0,9888.0,765.0,204.31977824186453
423,1274.0287,10589.0,9890.0,699.0,205.92268475177775
424,1276.3751,10630.0,9871.0,759.0,208.5795261397173
425,1278.7205,10674.0,9859.0,815.0,206.81995593962444
426,1281.0648,10700.0,9898.0,802.0,202.39604845588192
427,1283.4081,10748.0,9970.0,778.0,197.64132026053113
428,1285.7504,10620.0,9909.0,711.0,192.14571985056563
429,1288.0917,10553.0,9963.0,590.0,185.48908562240854
430,1290.4319,10501.0,9867.0,634.0,178.16210084606922
431,1292.7712,10438.0,9797.0,641.0,170.5929346528612
432,1295.1094,10480.0,9805.0,675.0,163.04007062145533
433,1297.4466,10542.0,9866.0,676.0,155.87469795765224
434,1299.7827,10570.0,9911.0,659.0,149.10445465012998
435,1302.1178,10454.0,9819.0,635.0,142.71722018319838
436,1304.452,10323.0,9694.0,629.0,137.32376829461467
437,1306.785,10348.0,9708.0,640.0,133.51180890707064
438,1309.1171,10303.0,9729.0,574.0,131.9182118635008
439,1311.4481,10449.0,9787.0,662.0,133.17247435689436
440,1313.7782,10511.0,9791.0,720.0,136.94883237206275
441,1316.1072,10383.0,9693.0,690.0,142.59475040802457
442,1318.4351,10468.0,9820.0,648.0,149.8067593295911
443,1320.7621,10617.0,9918.0,699.0,158.15990221160487
444,1323.088,10454.0,9629.0,825.0,167.2166993572332
445,1325.4129,10423.0,9631.0,792.0,176.69877635286886
446,1327.7368,10449.0,9640.0,809.0,185.93100057437033
447,1330.0597,10440.0,9616.0,824.0,194.26004497628506
448,1332.3815,10514.0,9679.0,835.0,201.83890495766707
449,1334.7023,10565.0,9714.0,851.0,208.98919230748675
450,1337.0221,10489.0,9697.0,792.0,216.0066428617105
451,1339.3409,10482.0,9730.0,752.0,223.28651829186958
452,1341.6586,10486.0,9734.0,752.0,230.79011562878927
453,1343.9754,10517.0,9675.0,842.0,238.33792627699694
454,1346.2911,10526.0,9573.0,953.0,246.04180348732098
455,1348.6058,10436.0,9526.0,910.0,253.97431571895558
456,1350.9194,10523.0,9705.0,818.0,262.1248665898802
457,1353.2321,10661.0,9805.0,856.0,270.5328479868856
458,1355.5437,10646.0,9715.0,931.0,278.9909762853711
459,1357.8543,10761.0,9840.0,921.0,287.2820031739743
460,1360.1639,10702.0,9761.0,941.0,295.5593150772141
461,1362.4725,10625.0,9702.0,923.0,303.970861071416
462,1364.78,10544.0,9692.0,852.0,312.75103684010986
463,1367.0865,10439.0,9515.0,924.0,322.133999196747
464,1369.392,10494.0,9496.0,998.0,331.7990109991522
465,1371.6965,10525.0,9530.0,995.0,341.300948251667
466,1374.0,10602.0,9623.0,979.0,350.29404692549105
467,1376.3024,10540.0,9612.0,928.0,358.37778038848614
468,1378.6039,10543.0,9585.0,958.0,365.4572977335806
469,1380.9043,10521.0,9518.0,1003.0,371.56084473145773
470,1383.2037,10446.0,9479.0,967.0,376.4549669359178
471,1385.502,10391.0,9421.0,970.0,380.0119148145995
472,1387.7994,10498.0,9514.0,984.0,382.2246122848796
473,1390.0957,10575.0,9586.0,989.0,383.0416050225752
474,1392.391,10412.0,9467.0,945.0,382.9649672171388
475,1394.6853,10447.0,9421.0,1026.0,382.48545514797473
476,1396.9786,10631.0,9552.0,1079.0,381.4547915483974
477,1399.2709,10677.0,9627.0,1050.0,379.88143855133654
478,1401.5621,10565.0,9565.0,1000.0,377.22507035603553
479,1403.8523,10412.0,9431.0,981.0,372.92341720325635
480,1406.1416,10357.0,9418.0,939.0,368.2248797437863
481,1408.4297,10249.0,9346.0,903.0,364.5317630272781
482,1410.7169,10320.0,9331.0,989.0,362.9522225734891
483,1413.0031,10500.0,9418.0,1082.0,364.98744481298394
484,1415.2882,10474.0,9471.0,1003.0,370.1208250568566
485,1417.5723,10474.0,9513.0,961.0,377.0806996909767
486,1419.8555,10428.0,9501.0,927.0,387.3380244113571
487,1422.1376,10470.0,9517.0,953.0,401.6323997584792
488,1424.4186,10466.0,9491.0,975.0,419.3065349962744
489,1426.6987,10469.0,9467.0,1002.0,440.88011385462784
490,1428.9777,10533.0,9508.0,1025.0,461.528596444429
491,1431.2558,10512.0,9418.0,1094.0,476.52831727384057
492,1433.5328,10649.0,9460.0,1189.0,490.70449190176356
493,1435.8088,10639.0,9507.0,1132.0,508.74902336804246
494,1438.0838,10660.0,9455.0,1205.0,537.4511389095983
495,1440.3578,10738.0,9450.0,1288.0,584.2945184944627
496,1442.6307,10696.0,9449.0,1247.0,641.5530709214178
497,1444.9027,10774.0,9444.0,1330.0,697.5754613737573
498,1447.1736,10983.0,9445.0,1538.0,747.4318462434077
499,1449.4435,11110.0,9547.0,1563.0,784.4986597877829
500,1451.7124,11013.0,9455.0,1558.0,805.6303260399862
501,1453.9803,10932.0,9376.0,1556.0,812.3622153315985
502,1456.2472,10723.0,9298.0,1425.0,795.1521929151221
503,1458.5131,10611.0,9288.0,1323.0,746.089001297922
504,1460.7779,10575.0,9331.0,1244.0,675.038937687221
505,1463.0418,10554.0,9351.0,1203.0,593.133961190826
506,1465.3046,10400.0,9358.0,1042.0,517.8526470516019
507,1467.5664,10321.0,9297.0,1024.0,467.2365051088872
508,1469.8272,10391.0,9312.0,1079.0,436.2317708997816
509,1472.087,10327.0,9317.0,1010.0,415.1303845808314
510,1474.3458,10483.0,9457.0,1026.0,394.4205344457995
511,1476.6036,10542.0,9553.0,989.0,363.3898167023821
512,1478.8604,10348.0,9418.0,930.0,326.48348474180926
513,1481.1161,10345.0,9386.0,959.0,291.25664477452364
514,1483.3709,10171.0,9356.0,815.0,263.647033675768
515,1485.6246,10157.0,9348.0,809.0,249.86415117930588
516,1487.8773,10227.0,9338.0,889.0,245.48002682797966
517,1490.1291,10204.0,9317.0,887.0,243.71313394549458
518,1492.3798,10288.0,9409.0,879.0,239.18761916971903
519,1494.6295,10245.0,9420.0,825.0,226.1616947571623
520,1496.8782,10138.0,9288.0,850.0,206.63425495568168
521,1499.1259,10045.0,9229.0,816.0,185.06649749196478
522,1501.3725,10128.0,9424.0,704.0,163.3422561134301
523,1503.6182,10148.0,9442.0,706.0,143.8621948734861
524,1505.8629,9982.0,9274.0,708.0,127.39405965624223
525,1508.1065,10097.0,9416.0,681.0,113.51891653583579
526,1510.3492,10040.0,9376.0,664.0,103.70040639521402
527,1512.5908,9910.0,9226.0,684.0,99.3266196016015
528,1514.8315,9816.0,9225.0,591.0,99.4919993831948
529,1517.0711,9765.0,9221.0,544.0,102.77440982063148
530,1519.3098,9870.0,9188.0,682.0,108.08003526235501
531,1521.5474,9924.0,9216.0,708.0,113.99996462637803
532,1523.784,9849.0,9231.0,618.0,119.61182895102144
533,1526.0196,9814.0,9170.0,644.0,124.44756968042222
534,1528.2542,9696.0,9036.0,660.0,127.15810871151048
535,1530.4878,9669.0,9080.0,589.0,126.48154401905084
536,1532.7204,9638.0,9082.0,556.0,122.8089564395481
537,1534.952,9642.0,9041.0,601.0,116.93339757611027
538,1537.1826,9717.0,9043.0,674.0,109.51820927949086
539,1539.4122,9696.0,9034.0,662.0,101.4593264638655
540,1541.6408,9506.0,8918.0,588.0,93.05814265216908
541,1543.8684,9373.0,8721.0,652.0,84.33344072231158
542,1546.095,9381.0,8666.0,715.0,75.91468935476925
543,1548.3206,9458.0,8811.0,647.0,68.38954544982185
544,1550.5452,9562.0,8951.0,611.0,61.71706309493479
545,1552.7688,9657.0,9093.0,564.0,55.77548041531196
546,1554.9914,9544.0,8968.0,576.0,50.311434918067384
547,1557.213,9322.0,8783.0,539.0,44.98456900683378
548,1559.4336,9275.0,8689.0,586.0,39.95905834774008
549,1561.6532,9259.0,8623.0,636.0,35.50819544523887
550,1563.8718,9122.0,8602.0,520.0,31.713380340202896
551,1566.0893,8910.0,8442.0,468.0,28.670680456636163
552,1568.3059,8879.0,8333.0,546.0,26.33426518198167
553,1570.5215,8947.0,8330.0,617.0,24.57345093658352
554,1572.7361,8931.0,8381.0,550.0,23.39621364197182
555,1574.9497,8827.0,8269.0,558.0,22.79691436617729
556,1577.1623,8679.0,8175.0,504.0,22.654858910210706
557,1579.374,8771.0,8288.0,483.0,22.861001561726656
558,1581.5846,8783.0,8315.0,468.0,23.24434914914655
559,1583.7942,8637.0,8206.0,431.0,23.630575930303305
560,1586.0028,8675.0,8196.0,479.0,24.053580002177174
561,1588.2104,8609.0,8111.0,498.0,24.595880662371197
562,1590.4171,8575.0,8052.0,523.0,25.30873944607118
563,1592.6227,8659.0,8153.0,506.0,26.265663323625176
564,1594.8273,8674.0,8159.0,515.0,27.4491723041767
565,1597.031,8567.0,8090.0,477.0,28.804651790945808
566,1599.2337,8364.0,7917.0,447.0,30.356050375033423
567,1601.4353,8407.0,7920.0,487.0,32.118891062574015
568,1603.636,8501.0,8036.0,465.0,34.061193082687474
569,1605.8357,8607.0,8079.0,528.0,36.16129781860296
570,1608.0344,8593.0,8031.0,562.0,38.34411935026575
571,1610.232,8492.0,8048.0,444.0,40.52597729150522
572,1612.4288,8439.0,7998.0,441.0,42.74388039928888
573,1614.6245,8438.0,7964.0,474.0,45.04707930338978
574,1616.8192,8291.0,7757.0,534.0,47.45857884357765
575,1619.0129,7958.0,7435.0,523.0,50.010826435113266
576,1621.2057,8006.0,7556.0,450.0,52.6349107606416
577,1623.3974,8311.0,7827.0,484.0,55.210971236017706
578,1625.5882,8627.0,8042.0,585.0,57.71767329838667
579,1627.778,8747.0,8214.0,533.0,60.12661262407966
580,1629.9668,8647.0,8137.0,510.0,62.310958207674545
581,1632.1546,8417.0,7890.0,527.0,64.16362576413354
582,1634.3414,8331.0,7855.0,476.0,65.5447323751895
583,1636.5272,8373.0,7855.0,518.0,66.31425253617451
584,1638.712,8289.0,7777.0,512.0,66.55149464955056
585,1640.8959,8279.0,7802.0,477.0,66.41284679469689
586,1643.0788,8288.0,7827.0,461.0,65.96325990890469
587,1645.2606,8331.0,7865.0,466.0,65.29368427802753
588,1647.4415,8416.0,8015.0,401.0,64.52685083095894
589,1649.6215,8446.0,8044.0,402.0,63.74880548397242
590,1651.8004,8361.0,7901.0,460.0,63.1249825360045
591,1653.9783,8328.0,7925.0,403.0,62.81834205314877
592,1656.1553,8417.0,7996.0,421.0,62.770700244851724
593,1658.3313,8542.0,8027.0,515.0,62.86086564712277
594,1660.5063,8391.0,7990.0,401.0,63.02108015590441
595,1662.6803,8560.0,8192.0,368.0,63.157025203732815
596,1664.8533,8740.0,8270.0,470.0,63.20649430713516
597,1667.0254,8586.0,8162.0,424.0,63.1450697414753
598,1669.1965,8727.0,8291.0,436.0,62.871648084134875
599,1671.3666,8803.0,8325.0,478.0,62.28928863990942
600,1673.5357,8830.0,8394.0,436.0,61.439688364182956
601,1675.7038,9074.0,8649.0,425.0,60.39812201971351
602,1677.871,9107.0,8601.0,506.0,59.222882331957436
603,1680.0372,9005.0,8463.0,542.0,57.989582232476465
604,1682.2024,8995.0,8530.0,465.0,56.731068628951824
605,1684.3666,8837.0,8429.0,408.0,55.45580010431951
606,1686.5298,8723.0,8312.0,411.0,54.21833249621821
607,1688.6921,8743.0,8338.0,405.0,53.06991162566378
608,1690.8534,8782.0,8379.0,403.0,52.00142892229101
609,1693.0137,8701.0,8339.0,362.0,50.99064996316735
610,1695.173,8648.0,8270.0,378.0,50.0170950785312
611,1697.3314,8601.0,8164.0,437.0,49.05198130090189
612,1699.4888,8737.0,8315.0,422.0,48.08917396343772
613,1701.6452,8819.0,8429.0,390.0,47.13289187205304
614,1703.8007,8648.0,8263.0,385.0,46.16841718118788
615,1705.9551,8528.0,8109.0,419.0,45.18160872208263
616,1708.1086,8320.0,7928.0,392.0,44.17982207589329
617,1710.2611,8222.0,7855.0,367.0,43.175722354578696
618,1712.4127,8241.0,7862.0,379.0,42.177031766072126
619,1714.5633,8310.0,7923.0,387.0,41.19434427042353
620,1716.7129,8308.0,7932.0,376.0,40.23707814212508
621,1718.8615,8164.0,7796.0,368.0,39.30996919028845
622,1721.0092,8087.0,7699.0,388.0,38.42595533721769
623,1723.1559,8194.0,7801.0,393.0,37.5978861422674
624,1725.3016,8199.0,7891.0,308.0,36.81646975807078
625,1727.4464,8160.0,7834.0,326.0,36.065890975275245
626,1729.5902,8054.0,7696.0,358.0,35.33895906322902
627,1731.733,8057.0,7707.0,350.0,34.62579542345158
628,1733.8749,8145.0,7780.0,365.0,33.916723199208114
629,1736.0158,8167.0,7795.0,372.0,33.20747528899391
630,1738.1557,8060.0,7681.0,379.0,32.482659152453856
631,1740.2947,8013.0,7624.0,389.0,31.728550833846676
632,1742.4327,8084.0,7715.0,369.0,30.957481749657497
633,1744.5697,8124.0,7816.0,308.0,30.187422075358715
634,1746.7058,8023.0,7735.0,288.0,29.436980341709184
635,1748.8409,7960.0,7624.0,336.0,28.728427523130467
636,1750.975,8086.0,7748.0,338.0,28.06847478919769
637,1753.1082,8114.0,7797.0,317.0,27.45942570114081
638,1755.2404,8076.0,7742.0,334.0,26.91365750870716
639,1757.3717,8089.0,7763.0,326.0,26.442064662010097
640,1759.502,8038.0,7724.0,314.0,26.05470623620422
641,1761.6313,7949.0,7676.0,273.0,25.764411811342395
642,1763.7597,7961.0,7676.0,285.0,25.573042589817028
643,1765.8871,8178.0,7869.0,309.0,25.481559515822347
644,1768.0135,8350.0,8007.0,343.0,25.506457065971865
645,1770.139,8253.0,7954.0,299.0,25.66322629172632
646,1772.2636,8184.0,7908.0,276.0,25.968119839045208
647,1774.3872,8064.0,7726.0,338.0,26.436762504024678
648,1776.5098,7923.0,7602.0,321.0,27.060534305040907
649,1778.6314,7965.0,7667.0,298.0,27.822164117607535
650,1780.7521,8042.0,7801.0,241.0,28.712454322169375
651,1782.8719,8174.0,7896.0,278.0,29.718679180337304
652,1784.9907,8122.0,7729.0,393.0,30.82717769219734
653,1787.1085,7955.0,7603.0,352.0,32.027573107298515
654,1789.2254,7800.0,7503.0,297.0,33.29941377025439
655,1791.3414,7683.0,7398.0,285.0,34.62210862132146
656,1793.4563,7793.0,7508.0,285.0,35.994044567540975
657,1795.5704,7819.0,7488.0,331.0,37.41723058543862
658,1797.6835,7729.0,7403.0,326.0,38.89190967521563
659,1799.7956,7826.0,7565.0,261.0,40.420414765439006
660,1801.9068,7975.0,7745.0,230.0,41.994773504124545
661,1804.017,8076.0,7776.0,300.0,43.602975456718845
662,1806.1263,8475.0,8122.0,353.0,45.2409703872406
663,1808.2346,8430.0,8045.0,385.0,46.90347967895756
664,1810.342,7943.0,7636.0,307.0,48.5803464832036
665,1812.4484,7947.0,7654.0,293.0,50.26249994824506
666,1814.5539,7884.0,7560.0,324.0,51.93449178685631
667,1816.6584,7691.0,7357.0,334.0,53.580062246143505
668,1818.762,7581.0,7278.0,303.0,55.19623271938929
669,1820.8646,7601.0,7318.0,283.0,56.78114259254928
670,1822.9663,7761.0,7483.0,278.0,58.33134685096818
671,1825.0671,7986.0,7660.0,326.0,59.84455156872537
672,1827.1669,8001.0,7640.0,361.0,61.30568961512133
673,1829.2657,7978.0,7677.0,301.0,62.694568546745714
674,1831.3637,8028.0,7761.0,267.0,64.00146357141527
675,1833.4606,7982.0,7689.0,293.0,65.21591202756542
676,1835.5567,7933.0,7612.0,321.0,66.32096138649302
677,1837.6518,7866.0,7524.0,342.0,67.30318181708721
678,1839.7459,7729.0,7404.0,325.0,68.14349677195429
679,1841.8391,7724.0,7436.0,288.0,68.82410724379154
680,1843.9314,7681.0,7378.0,303.0,69.35111440942148
681,1846.0227,7696.0,7386.0,310.0,69.73770502486765
682,1848.1131,7907.0,7570.0,337.0,69.99353590296731
683,1850.2026,8026.0,7716.0,310.0,70.13190318909224
684,1852.2911,8058.0,7768.0,290.0,70.16036695285064
685,1854.3786,8046.0,7695.0,351.0,70.08322811805641
686,1856.4653,8108.0,7803.0,305.0,69.91428212053212
687,1858.551,8239.0,7955.0,284.0,69.66714337143416
688,1860.6358,8305.0,8022.0,283.0,69.3455768163842
689,1862.7196,8387.0,8094.0,293.0,68.9527187873586
690,1864.8025,8277.0,7923.0,354.0,68.48904964829019
691,1866.8845,8250.0,7889.0,361.0,67.95390644171978
692,1868.9655,8273.0,7969.0,304.0,67.35744509172868
693,1871.0456,8260.0,8025.0,235.0,66.71181510428151
694,1873.1248,8359.0,8133.0,226.0,66.02564321111245
695,1875.203,8444.0,8169.0,275.0,65.30814670574254
696,1877.2803,8433.0,8186.0,247.0,64.56315426999957
697,1879.3567,8304.0,8078.0,226.0,63.791345565552675
698,1881.4321,8196.0,7926.0,270.0,62.99911661369188
699,1883.5066,8177.0,7870.0,307.0,62.19229215958805
700,1885.5802,8196.0,7894.0,302.0,61.37040611091733
701,1887.6529,8238.0,7903.0,335.0,60.53359764345321
702,1889.7246,8232.0,7929.0,303.0,59.67983958343658
703,1891.7954,8198.0,7965.0,233.0,58.80661759807042
704,1893.8653,8104.0,7877.0,227.0,57.92306622658238
705,1895.9342,8112.0,7865.0,247.0,57.041936427936676
706,1898.0023,8273.0,7969.0,304.0,56.170573087643405
707,1900.0694,8294.0,7982.0,312.0,55.317308083805194
708,1902.1355,8149.0,7884.0,265.0,54.49091991537378
709,1904.2008,8054.0,7812.0,242.0,53.69749167457259
710,1906.2651,7984.0,7738.0,246.0,52.94770063292424
711,1908.3285,7976.0,7758.0,218.0,52.25139968824266
712,1910.391,7941.0,7715.0,226.0,51.60588932307573
713,1912.4526,7888.0,7648.0,240.0,51.00516205543878
714,1914.5132,7941.0,7656.0,285.0,50.44394907327863
715,1916.573,7866.0,7629.0,237.0,49.915040856510224
716,1918.6318,7858.0,7651.0,207.0,49.415918630557584
717,1920.6897,7994.0,7715.0,279.0,48.945833594900094
718,1922.7466,8074.0,7820.0,254.0,48.499160718151415
719,1924.8027,8148.0,7884.0,264.0,48.07046307601897
720,1926.8578,7959.0,7696.0,263.0,47.6574892013359
721,1928.9121,7915.0,7687.0,228.0,47.257679435646786
722,1930.9654,8019.0,7743.0,276.0,46.87080486013904
723,1933.0178,7985.0,7722.0,263.0,46.49705951879772
724,1935.0692,7898.0,7648.0,250.0,46.130922407824926
725,1937.1198,7901.0,7644.0,257.0,45.766257707256635
726,1939.1694,7913.0,7693.0,220.0,45.3979424596143
727,1941.2182,7863.0,7659.0,204.0,45.020681187399504
728,1943.266,7800.0,7579.0,221.0,44.63399572286295
729,1945.3129,7881.0,7620.0,261.0,44.23950676964325
730,1947.3589,7918.0,7690.0,228.0,43.835928439621895
731,1949.404,7880.0,7694.0,186.0,43.42256174057255
732,1951.4482,7885.0,7671.0,214.0,43.0008684316378
733,1953.4915,7802.0,7597.0,205.0,42.57171079649828
734,1955.5339,7720.0,7512.0,208.0,42.13777225471944
735,1957.5753,7667.0,7477.0,190.0,41.701924000031134
736,1959.6159,7530.0,7381.0,149.0,41.261035457248504
737,1961.6556,7444.0,7281.0,163.0,40.810297019454424
738,1963.6943,7333.0,7164.0,169.0,40.34705505034696
739,1965.7321,7244.0,7040.0,204.0,39.868124708218154
740,1967.7691,7247.0,7010.0,237.0,39.37091736705366
741,1969.8051,7265.0,7028.0,237.0,38.85416658927529
742,1971.8402,7226.0,7028.0,198.0,38.31441804770632
743,1973.8745,7170.0,6960.0,210.0,37.7485827008838
744,1975.9078,7168.0,6956.0,212.0,37.15862790151731
745,1977.9402,7181.0,7029.0,152.0,36.54781719829539
746,1979.9718,7214.0,7016.0,198.0,35.91921476585188
747,1982.0024,7249.0,7036.0,213.0,35.27668741456148
748,1984.0321,7095.0,6916.0,179.0,34.622168153955755
749,1986.061,7050.0,6800.0,250.0,33.95686762219239
750,1988.0889,7106.0,6852.0,254.0,33.28397151924975
751,1990.1159,6939.0,6742.0,197.0,32.60660142882805
752,1992.1421,6898.0,6738.0,160.0,31.926555351097612
753,1994.1673,6907.0,6738.0,169.0,31.245734745292378
754,1996.1917,6923.0,6756.0,167.0,30.565214756540286
755,1998.2151,7019.0,6860.0,159.0,29.88589451514297
756,2000.2377,6935.0,6769.0,166.0,29.210874458292114
757,2002.2594,6741.0,6573.0,168.0,28.543548333549076
758,2004.2801,6723.0,6547.0,176.0,27.88678573959295
759,2006.3,6715.0,6522.0,193.0,27.24354420676619
760,2008.319,6641.0,6462.0,179.0,26.61521055671536
761,2010.3371,6637.0,6506.0,131.0,26.002385511636977
762,2012.3543,6564.0,6420.0,144.0,25.406863378862035
763,2014.3707,6491.0,6351.0,140.0,24.8302448277857
764,2016.3861,6689.0,6527.0,162.0,24.27293244892382
765,2018.4007,6650.0,6473.0,177.0,23.735477529800864
766,2020.4143,6494.0,6327.0,167.0,23.21787701203354
767,2022.4271,6520.0,6382.0,138.0,22.719991490198552
768,2024.439,6555.0,6411.0,144.0,22.24413217073351
769,2026.45,6502.0,6327.0,175.0,21.793372065881773
770,2028.4601,6373.0,6210.0,163.0,21.369562538721265
771,2030.4694,6323.0,6163.0,160.0,20.97472464839352
772,2032.4777,6292.0,6167.0,125.0,20.61110969067226
773,2034.4852,6355.0,6201.0,154.0,20.28038050243124
774,2036.4918,6463.0,6281.0,182.0,19.985041582284207
775,2038.4975,6410.0,6265.0,145.0,19.727424204785443
776,2040.5023,6331.0,6205.0,126.0,19.5070437695286
777,2042.5063,6386.0,6289.0,97.0,19.322548159687557
778,2044.5094,6527.0,6444.0,83.0,19.173053119093776
779,2046.5116,6697.0,6590.0,107.0,19.057218587315695
780,2048.5129,6699.0,6564.0,135.0,18.97412789049004
781,2050.5133,6511.0,6384.0,127.0,18.92323266885237
782,2052.5129,6359.0,6248.0,111.0,18.90285384403678
783,2054.5116,6353.0,6214.0,139.0,18.91128160671945
784,2056.5094,6352.0,6209.0,143.0,18.948325360149028
785,2058.5064,6365.0,6242.0,123.0,19.014006896823837
786,2060.5024,6455.0,6318.0,137.0,19.10828131706458
787,2062.4976,6497.0,6378.0,119.0,19.231254689007894
788,2064.492,6458.0,6343.0,115.0,19.382006441485963
789,2066.4854,6530.0,6378.0,152.0,19.55923805009602
790,2068.478,6470.0,6345.0,125.0,19.762318681858243
791,2070.4697,6355.0,6227.0,128.0,19.990494577478596
792,2072.4606,6398.0,6203.0,195.0,20.242659893726163
793,2074.4505,6463.0,6283.0,180.0,20.51783630737851
794,2076.4397,6529.0,6427.0,102.0,20.814457777850752
795,2078.4279,6525.0,6400.0,125.0,21.13088088342898
796,2080.4153,6555.0,6417.0,138.0,21.466664690038048
797,2082.4018,6581.0,6473.0,108.0,21.821484808614912
798,2084.3874,6595.0,6459.0,136.0,22.19477302164223
799,2086.3722,6734.0,6583.0,151.0,22.58608354223977
800,2088.3562,6794.0,6670.0,124.0,22.99393154749478
801,2090.3392,6821.0,6712.0,109.0,23.416317764352165
802,2092.3214,6898.0,6794.0,104.0,23.85235731847436
803,2094.3027,6967.0,6843.0,124.0,24.301135152760608
804,2096.2832,6965.0,6861.0,104.0,24.760657347213595
805,2098.2628,6917.0,6805.0,112.0,25.229195500089148
806,2100.2416,6944.0,6822.0,122.0,25.704729331749174
807,2102.2195,6861.0,6721.0,140.0,26.185288175087983
808,2104.1965,6677.0,6567.0,110.0,26.671422386711356
809,2106.1727,6658.0,6588.0,70.0,27.16461607219221
810,2108.1481,6716.0,6598.0,118.0,27.66533902232295
811,2110.1225,6730.0,6587.0,143.0,28.174432088208576
812,2112.0962,6728.0,6632.0,96.0,28.69320738251388
813,2114.0689,6718.0,6611.0,107.0,29.222615275222477
814,2116.0408,6675.0,6526.0,149.0,29.764666011140893
815,2118.0119,6678.0,6533.0,145.0,30.321422843296393
816,2119.9821,6745.0,6659.0,86.0,30.8923084488542
817,2121.9515,6752.0,6684.0,68.0,31.476112857247486
818,2123.92,6727.0,6629.0,98.0,32.07231895193954
819,2125.8877,6715.0,6621.0,94.0,32.68011495397845
820,2127.8545,6673.0,6572.0,101.0,33.299472833522884
821,2129.8204,6714.0,6585.0,129.0,33.93098130348385
822,2131.7855,6668.0,6556.0,112.0,34.573944029614395
823,2133.7498,6537.0,6456.0,81.0,35.22785598857305
824,2135.7132,6523.0,6410.0,113.0,35.894080749001176
825,2137.6758,6518.0,6414.0,104.0,36.574156061877915
826,2139.6376,6551.0,6462.0,89.0,37.270240564660035
827,2141.5985,6660.0,6528.0,132.0,37.98475990662173
828,2143.5585,6680.0,6530.0,150.0,38.717911207199826
829,2145.5177,6579.0,6459.0,120.0,39.469497049543044
830,2147.4761,6431.0,6313.0,118.0,40.24012174506344
831,2149.4336,6349.0,6201.0,148.0,41.03014733983214
832,2151.3903,6446.0,6280.0,166.0,41.84105766755011
833,2153.3461,6500.0,6347.0,153.0,42.675050308530736
834,2155.3012,6609.0,6463.0,146.0,43.53242437254311
835,2157.2553,6641.0,6546.0,95.0,44.4134547238913
836,2159.2087,6922.0,6854.0,68.0,45.320435197455666
837,2161.1612,6917.0,6798.0,119.0,46.25527230957869
838,2163.1128,6624.0,6499.0,125.0,47.22027984268276
839,2165.0637,6504.0,6377.0,127.0,48.217648002534375
840,2167.0137,6402.0,6295.0,107.0,49.245310154645075
841,2168.9628,6389.0,6281.0,108.0,50.2996676588742
842,2170.9111,6466.0,6371.0,95.0,51.378602207231324
843,2172.8587,6502.0,6391.0,111.0,52.47935781985755
844,2174.8053,6492.0,6378.0,114.0,53.59879326875199
845,2176.7512,6519.0,6435.0,84.0,54.73435653481524
846,2178.6962,6558.0,6460.0,98.0,55.88169594778765
847,2180.6404,6821.0,6681.0,140.0,57.03640067833753
848,2182.5837,6777.0,6661.0,116.0,58.19785019495099
849,2184.5262,6616.0,6537.0,79.0,59.366219736168404
850,2186.4679,6653.0,6567.0,86.0,60.541018261311734
851,2188.4088,6675.0,6546.0,129.0,61.7221725725439
852,2190.3489,6612.0,6502.0,110.0,62.90796098505343
853,2192.2881,6602.0,6516.0,86.0,64.09579684510156
854,2194.2265,6530.0,6468.0,62.0,65.28485065863443
855,2196.1641,6464.0,6365.0,99.0,66.47401545016817
856,2198.1009,6643.0,6493.0,150.0,67.66034516056307
857,2200.0368,6780.0,6625.0,155.0,68.84090436337812
858,2201.9719,6725.0,6586.0,139.0,70.01156598032934
859,2203.9062,6775.0,6662.0,113.0,71.16792869414869
860,2205.8397,6686.0,6586.0,100.0,72.3087076810753
861,2207.7724,6521.0,6400.0,121.0,73.43301319003317
862,2209.7042,6420.0,6290.0,130.0,74.53923309012654
863,2211.6353,6770.0,6609.0,161.0,75.62606048983334
864,2213.5655,6701.0,6565.0,136.0,76.6898437131206
865,2215.4949,6391.0,6287.0,104.0,77.72581486949876
866,2217.4235,6542.0,6448.0,94.0,78.7317957461645
867,2219.3513,6670.0,6603.0,67.0,79.70553513097184
868,2221.2783,6711.0,6628.0,83.0,80.64261883564768
869,2223.2044,6774.0,6664.0,110.0,81.53934765942586
870,2225.1298,6753.0,6629.0,124.0,82.39101950335562
871,2227.0543,6693.0,6562.0,131.0,83.19318752438316
872,2228.978,6671.0,6545.0,126.0,83.94729592404326
873,2230.901,6573.0,6488.0,85.0,84.65670492474825
874,2232.8231,6487.0,6392.0,95.0,85.32337679559797
875,2234.7444,6392.0,6288.0,104.0,85.9501671209479
876,2236.6649,6378.0,6265.0,113.0,86.53939295624014
877,2238.5846,6419.0,6296.0,123.0,87.09256062903752
878,2240.5035,6450.0,6322.0,128.0,87.61361133443175
879,2242.4216,6573.0,6438.0,135.0,88.10649756060937
880,2244.3389,6906.0,6792.0,114.0,88.57147002526284
881,2246.2553,6799.0,6708.0,91.0,89.00821596737889
882,2248.171,6549.0,6468.0,81.0,89.41644222556273
883,2250.0859,6675.0,6573.0,102.0,89.79544600314505
884,2252.0,6732.0,6595.0,137.0,90.1471125215453
885,2253.9133,6619.0,6544.0,75.0,90.47414826614884
886,2255.8258,6595.0,6526.0,69.0,90.77767648791381
887,2257.7375,6604.0,6514.0,90.0,91.05909188397221
888,2259.6484,6567.0,6466.0,101.0,91.32011462429915
889,2261.5585,6492.0,6409.0,83.0,91.56199117562477
890,2263.4678,6543.0,6436.0,107.0,91.78760108723041
891,2265.3763,6623.0,6463.0,160.0,91.99991529075848
892,2267.284,6692.0,6541.0,151.0,92.1990140448351
893,2269.191,6701.0,6589.0,112.0,92.38484936501358
894,2271.0971,6634.0,6530.0,104.0,92.5574732412808
895,2273.0024,6547.0,6434.0,113.0,92.71668732543132
896,2274.907,6449.0,6341.0,108.0,92.8656289320086
897,2276.8108,6436.0,6338.0,98.0,93.00870228571576
898,2278.7138,6508.0,6382.0,126.0,93.14789840215462
899,2280.616,6591.0,6503.0,88.0,93.2854366863273
900,2282.5174,6681.0,6573.0,108.0,93.42485869935163
901,2284.418,6596.0,6472.0,124.0,93.56883639093148
902,2286.3178,6510.0,6403.0,107.0,93.72148189474957
903,2288.2169,6522.0,6401.0,121.0,93.88661943719505
904,2290.1152,6631.0,6525.0,106.0,94.06249061290806
905,2292.0127,6850.0,6746.0,104.0,94.24571397136201
906,2293.9094,6808.0,6684.0,124.0,94.43372990628359
907,2295.8053,6741.0,6627.0,114.0,94.62313825064754
908,2297.7005,6759.0,6688.0,71.0,94.81195565691954
909,2299.5948,6731.0,6638.0,93.0,94.99900479718397
910,2301.4884,6639.0,6553.0,86.0,95.18084677443454
911,2303.3812,6640.0,6604.0,36.0,95.3541198745367
912,2305.2733,6628.0,6889.0,-261.0,95.51783254116626
913,2307.1645,6547.0,6794.0,-247.0,95.67114207372589
914,2309.055,6567.0,6503.0,64.0,95.81391445726736
915,2310.9448,6545.0,6450.0,95.0,95.94631864691354
916,2312.8337,6546.0,6466.0,80.0,96.06581849803476
917,2314.7219,6588.0,6516.0,72.0,96.16940403065466
918,2316.6093,6571.0,6515.0,56.0,96.25499381549294
919,2318.4959,6601.0,6487.0,114.0,96.32035485937678
920,2320.3818,6544.0,6471.0,73.0,96.36467366667783
921,2322.2669,6549.0,6461.0,88.0,96.3880013708687
922,2324.1512,6610.0,6488.0,122.0,96.38878572630429
923,2326.0347,6711.0,6597.0,114.0,96.36564616851219
924,2327.9175,6754.0,6651.0,103.0,96.3190570094833
925,2329.7995,6700.0,6603.0,97.0,96.2493273983922
926,2331.6808,6672.0,6582.0,90.0,96.15743091301435
927,2333.5613,6627.0,6522.0,105.0,96.04449129334898
928,2335.441,6693.0,6570.0,123.0,95.90817817856527
929,2337.32,6753.0,6649.0,104.0,95.74513525484547
930,2339.1982,6762.0,6661.0,101.0,95.55356914204428
931,2341.0757,6768.0,6645.0,123.0,95.33138765887992
932,2342.9524,6689.0,6561.0,128.0,95.0765878802596
933,2344.8283,6612.0,6491.0,121.0,94.78801662947598
934,2346.7035,6632.0,6528.0,104.0,94.46300577096702
935,2348.5779,6667.0,6560.0,107.0,94.09919657252922
936,2350.4515,6640.0,6560.0,80.0,93.69791203233483
937,2352.3245,6738.0,6644.0,94.0,93.26132105211876
938,2354.1966,6738.0,6643.0,95.0,92.79182484349921
939,2356.068,6748.0,6668.0,80.0,92.29240240364366
940,2357.9386,6873.0,6774.0,99.0,91.76391533494004
941,2359.8085,6888.0,6810.0,78.0,91.2067216917185
942,2361.6777,6847.0,6752.0,95.0,90.62258074324278
943,2363.5461,6853.0,6749.0,104.0,90.01314586648294
944,2365.4137,6756.0,6660.0,96.0,89.3802456688365
945,2367.2806,6704.0,6605.0,99.0,88.72619806182493
946,2369.1468,6748.0,6669.0,79.0,88.05193108086357
947,2371.0122,6741.0,6668.0,73.0,87.35836761004023
948,2372.8768,6704.0,6592.0,112.0,86.64841085457523
949,2374.7407,6698.0,6570.0,128.0,85.92485507026426
950,2376.6039,6830.0,6742.0,88.0,85.1908365760992
951,2378.4663,6882.0,6788.0,94.0,84.44945331145783
952,2380.328,6866.0,6780.0,86.0,83.70059776300023
953,2382.1889,6926.0,6860.0,66.0,82.94316048593943
954,2384.0491,6799.0,6739.0,60.0,82.17691731242543
955,2385.9086,6661.0,6585.0,76.0,81.40122688511713
956,2387.7673,6687.0,6598.0,89.0,80.6158897437542
957,2389.6253,6693.0,6622.0,71.0,79.82121759673477
958,2391.4825,6703.0,6596.0,107.0,79.0161934900149
959,2393.339,6693.0,6591.0,102.0,78.19987749076162
960,2395.1948,6710.0,6608.0,102.0,77.37330014611967
961,2397.0498,6827.0,6707.0,120.0,76.5377606300599
962,2398.9042,7116.0,7009.0,107.0,75.69486743637228
963,2400.7577,7149.0,7042.0,107.0,74.84649181535421
964,2402.6106,7028.0,6939.0,89.0,73.99276477150502
965,2404.4627,7055.0,6964.0,91.0,73.13346435724229
966,2406.314,7079.0,7013.0,66.0,72.26913454851187
967,2408.1647,7000.0,6938.0,62.0,71.4001951910209
968,2410.0146,6894.0,6799.0,95.0,70.527688266672
969,2411.8638,6962.0,6847.0,115.0,69.65314736039532
970,2413.7123,7015.0,6902.0,113.0,68.77696653605281
971,2415.56,7037.0,6960.0,77.0,67.89960207725878
972,2417.407,7012.0,6929.0,83.0,67.02293574143856
973,2419.2533,7037.0,6887.0,150.0,66.14872979906825
974,2421.0989,7035.0,6933.0,102.0,65.27915844777523
975,2422.9437,7023.0,6969.0,54.0,64.41645675785634
976,2424.7878,7026.0,6960.0,66.0,63.56028335451114
977,2426.6312,7028.0,6914.0,114.0,62.70954228288068
978,2428.4739,6986.0,6877.0,109.0,61.86415315552086
979,2430.3159,6913.0,6838.0,75.0,61.023746631249665
980,2432.1571,6905.0,6798.0,107.0,60.188224679006424
981,2433.9977,6981.0,6914.0,67.0,59.35808359780414
982,2435.8375,7056.0,6981.0,75.0,58.53247492582481
983,2437.6766,7107.0,7036.0,71.0,57.71076175859686
984,2439.515,7146.0,7101.0,45.0,56.89478969356832
985,2441.3526,7352.0,7297.0,55.0,56.08675749044964
986,2443.1896,7292.0,7195.0,97.0,55.28948480352528
987,2445.0258,7020.0,6910.0,110.0,54.506129509628494
988,2446.8614,6989.0,6888.0,101.0,53.7373533077561
989,2448.6962,6935.0,6818.0,117.0,52.983403024393226
990,2450.5303,6930.0,6828.0,102.0,52.24536200844041
991,2452.3637,7130.0,7065.0,65.0,51.5240851796838
992,2454.1964,7076.0,6983.0,93.0,50.82182941358168
993,2456.0284,6840.0,6720.0,120.0,50.14159131749922
994,2457.8597,6785.0,6673.0,112.0,49.48444537174868
995,2459.6903,6837.0,6750.0,87.0,48.85150398976233
996,2461.5202,6861.0,6770.0,91.0,48.24552232388595
997,2463.3493,6828.0,6735.0,93.0,47.66873676450799
998,2465.1778,6800.0,6740.0,60.0,47.12425580939582
999,2467.0056,6816.0,6780.0,36.0,46.614950996622525
1000,2468.8327,6794.0,6703.0,91.0,46.13924279000484
1001,2470.659,6720.0,6593.0,127.0,45.69426561453639
1002,2472.4847,6738.0,6623.0,115.0,45.27771788190053
1003,2474.3097,6932.0,6848.0,84.0,44.88663041466552
1004,2476.134,6934.0,6864.0,70.0,44.51939056222295
1005,2477.9576,6829.0,6781.0,48.0,44.175005102286725
1006,2479.7805,6828.0,6760.0,68.0,43.85066478110656
1007,2481.6027,6839.0,6823.0,16.0,43.54364970366868
1008,2483.4242,6836.0,6836.0,0.0,43.25270307684353
1009,2485.245,6881.0,6792.0,89.0,42.97649783569928
1010,2487.0651,6910.0,6770.0,140.0,42.71468672730361
1011,2488.8845,6784.0,6658.0,126.0,42.46711227223586
1012,2490.7033,6681.0,6637.0,44.0,42.231128337092095
1013,2492.5213,6704.0,6666.0,38.0,42.00385537438967
1014,2494.3387,6784.0,6690.0,94.0,41.782824069242736
1015,2496.1554,6857.0,6791.0,66.0,41.56548305780491
1016,2497.9714,6916.0,6827.0,89.0,41.351548024033505
1017,2499.7867,6918.0,6818.0,100.0,41.141684776267155
1018,2501.6013,6950.0,6833.0,117.0,40.935135229269456
1019,2503.4153,6930.0,6845.0,85.0,40.731432161417914
1020,2505.2285,6898.0,6841.0,57.0,40.531021306578815
1021,2507.0411,6954.0,6905.0,49.0,40.33395930271765
1022,2508.853,6885.0,6831.0,54.0,40.141451448921984
1023,2510.6642,6819.0,6730.0,89.0,39.9547146176191
1024,2512.4748,6841.0,6744.0,97.0,39.77173758420826
1025,2514.2847,6937.0,6852.0,85.0,39.589795660022304
1026,2516.0938,6885.0,6786.0,99.0,39.406763262468786
1027,2517.9024,6764.0,6693.0,71.0,39.22015425719124
1028,2519.7102,6835.0,6771.0,64.0,39.02893481885084
1029,2521.5174,6906.0,6792.0,114.0,38.83281138289993
1030,2523.3239,6914.0,6806.0,108.0,38.62995156637332
1031,2525.1297,6798.0,6719.0,79.0,38.41884654542911
1032,2526.9348,6766.0,6638.0,128.0,38.199506258794194
1033,2528.7393,6775.0,6661.0,114.0,37.97189060938374
1034,2530.5431,6771.0,6718.0,53.0,37.737461777009344
1035,2532.3463,6833.0,6743.0,90.0,37.497947062120176
1036,2534.1488,6883.0,6747.0,136.0,37.25201525101973
1037,2535.9506,6899.0,6809.0,90.0,36.99820025086958
1038,2537.7517,6927.0,6866.0,61.0,36.73533376228545
1039,2539.5522,6945.0,6871.0,74.0,36.46209730562731
1040,2541.352,7036.0,6921.0,115.0,36.18064001794345
1041,2543.1512,7073.0,6945.0,128.0,35.89437370604812
1042,2544.9497,7187.0,7112.0,75.0,35.60449318393457
1043,2546.7475,7135.0,7087.0,48.0,35.31256893194863
1044,2548.5447,6904.0,6821.0,83.0,35.020977430052525
1045,2550.3412,6942.0,6864.0,78.0,34.73119191330499
1046,2552.137,7016.0,6966.0,50.0,34.44680397454997
1047,2553.9322,6999.0,6928.0,71.0,34.17104367093705
1048,2555.7268,6993.0,6911.0,82.0,33.90171303514111
1049,2557.5207,7010.0,6966.0,44.0,33.63556553191064
1050,2559.3139,6917.0,6864.0,53.0,33.36881388476946
1051,2561.1065,6880.0,6769.0,111.0,33.09692863294103
1052,2562.8984,6881.0,6784.0,97.0,32.81951638408264
1053,2564.6897,6934.0,6823.0,111.0,32.537076915587136
1054,2566.4803,6959.0,6877.0,82.0,32.248065396614294
1055,2568.2703,6962.0,6908.0,54.0,31.95133639554141
1056,2570.0596,6946.0,6910.0,36.0,31.644483337782475
1057,2571.8483,6984.0,6934.0,50.0,31.323984023506796
1058,2573.6363,6995.0,6885.0,110.0,30.98967071869266
1059,2575.4237,6927.0,6844.0,83.0,30.641414457408416
1060,2577.2104,7061.0,7006.0,55.0,30.275280336330546
1061,2578.9965,7137.0,7063.0,74.0,29.887959342763995
1062,2580.782,6948.0,6859.0,89.0,29.47508193214569
1063,2582.5668,6873.0,6776.0,97.0,29.032536511954874
1064,2584.351,6941.0,6824.0,117.0,28.564045356701406
1065,2586.1345,6964.0,6877.0,87.0,28.07575590973981
1066,2587.9174,6946.0,6871.0,75.0,27.571955702234934
1067,2589.6997,6974.0,6859.0,115.0,27.058066855853887
1068,2591.4813,7004.0,6910.0,94.0,26.538138174293213
1069,2593.2623,7012.0,6930.0,82.0,26.014967097850423
1070,2595.0426,6996.0,6936.0,60.0,25.494877888689185
1071,2596.8223,7013.0,6967.0,46.0,24.98398661649658
1072,2598.6014,6973.0,6903.0,70.0,24.483742446292645
1073,2600.3798,6894.0,6845.0,49.0,23.99519103695146
1074,2602.1577,6916.0,6837.0,79.0,23.518109655576232
1075,2603.9348,7296.0,7180.0,116.0,23.051644880486496
1076,2605.7114,7224.0,7107.0,117.0,22.6001859983524
1077,2607.4873,6896.0,6819.0,77.0,22.169031412764333
1078,2609.2626,6927.0,6798.0,129.0,21.761387613092317
1079,2611.0373,6932.0,6812.0,120.0,21.380871375284936
1080,2612.8113,6942.0,6882.0,60.0,21.028385822068575
1081,2614.5847,6978.0,6905.0,73.0,20.702968153426543
1082,2616.3575,7014.0,6943.0,71.0,20.407768916059823
1083,2618.1297,7005.0,6933.0,72.0,20.14557916923664
1084,2619.9013,6972.0,6892.0,80.0,19.914197408615852
1085,2621.6722,6931.0,6853.0,78.0,19.7119565537484
1086,2623.4425,6983.0,6920.0,63.0,19.535222702323203
1087,2625.2122,7007.0,6953.0,54.0,19.38009224173277
1088,2626.9812,6912.0,6868.0,44.0,19.25248054757803
1089,2628.7497,6932.0,6856.0,76.0,19.160934818620326
1090,2630.5175,7019.0,6928.0,91.0,19.110321783181774
1091,2632.2848,7009.0,6934.0,75.0,19.106526559768497
1092,2634.0514,6965.0,6880.0,85.0,19.153453883863143
1093,2635.8174,6966.0,6854.0,112.0,19.252454377234884
1094,2637.5827,6926.0,6842.0,84.0,19.41026853108292
1095,2639.3475,6921.0,6874.0,47.0,19.632502320592437
1096,2641.1117,6890.0,6877.0,13.0,19.91556200087652
1097,2642.8752,6906.0,6864.0,42.0,20.254781375815412
1098,2644.6382,6993.0,6885.0,108.0,20.641705118244957
1099,2646.4005,7043.0,6901.0,142.0,21.066429363367018
1100,2648.1622,6996.0,6869.0,127.0,21.53016285850802
1101,2649.9233,6971.0,6880.0,91.0,22.03539635446217
1102,2651.6838,6965.0,6866.0,99.0,22.58138437678405
1103,2653.4438,6990.0,6860.0,130.0,23.168156963493573
1104,2655.2031,6973.0,6872.0,101.0,23.78716841271246
1105,2656.9618,6912.0,6876.0,36.0,24.425735311930715
1106,2658.7199,6993.0,6934.0,59.0,25.08010917915196
1107,2660.4774,7006.0,6945.0,61.0,25.745786466422647
1108,2662.2343,7021.0,6962.0,59.0,26.410956057474465
1109,2663.9906,6972.0,6902.0,70.0,27.066292643330264
1110,2665.7463,6840.0,6766.0,74.0,27.697027763724705
1111,2667.5014,6864.0,6775.0,89.0,28.28921287535046
1112,2669.2559,6847.0,6786.0,61.0,28.850460368110692
1113,2671.0098,6882.0,6785.0,97.0,29.393956428181905
1114,2672.7632,6922.0,6771.0,151.0,29.930228068744974
1115,2674.5159,6882.0,6757.0,125.0,30.472768888561742
1116,2676.2681,6864.0,6799.0,65.0,31.026354606018366
1117,2678.0196,6979.0,6877.0,102.0,31.59199326171055
1118,2679.7706,6971.0,6852.0,119.0,32.180110290288646
1119,2681.521,6871.0,6765.0,106.0,32.80000873903415
1120,2683.2708,6975.0,6888.0,87.0,33.453899389545455
1121,2685.02,7002.0,6943.0,59.0,34.144859756187124
1122,2686.7686,6905.0,6806.0,99.0,34.86846970416159
1123,2688.5166,6841.0,6766.0,75.0,35.618864060743974
1124,2690.2641,6857.0,6776.0,81.0,36.406230815038015
1125,2692.0109,6937.0,6818.0,119.0,37.24164473933205
1126,2693.7572,6881.0,6815.0,66.0,38.13291903570851
1127,2695.5029,6898.0,6849.0,49.0,39.08837946324425
1128,2697.2481,6916.0,6813.0,103.0,40.0999217874409
1129,2698.9926,6988.0,6842.0,146.0,41.151778110198876
1130,2700.7366,6954.0,6853.0,101.0,42.240221054920426
1131,2702.48,6966.0,6887.0,79.0,43.35928193935615
1132,2704.2228,7045.0,6916.0,129.0,44.4920943560479
1133,2705.965,6982.0,6818.0,164.0,45.62443094377377
1134,2707.7067,6924.0,6763.0,161.0,46.73396022207385
1135,2709.4478,6945.0,6816.0,129.0,47.79778352637143
1136,2711.1883,6909.0,6775.0,134.0,48.822078377048705
1137,2712.9283,6946.0,6780.0,166.0,49.8206288418656
1138,2714.6677,6989.0,6825.0,164.0,50.79802082332986
1139,2716.4065,6906.0,6789.0,117.0,51.76212411242669
1140,2718.1447,6882.0,6758.0,124.0,52.71411189116796
1141,2719.8824,6960.0,6813.0,147.0,53.648315686886775
1142,2721.6195,7027.0,6822.0,205.0,54.57411003437699
1143,2723.3561,6998.0,6812.0,186.0,55.49843773840879
1144,2725.0921,6905.0,6780.0,125.0,56.404737768520434
1145,2726.8275,6901.0,6765.0,136.0,57.27407068313148
1146,2728.5624,6960.0,6796.0,164.0,58.079022702262726
1147,2730.2967,6927.0,6763.0,164.0,58.78890117327394
1148,2732.0304,6895.0,6762.0,133.0,59.40132890513432
1149,2733.7636,6884.0,6774.0,110.0,59.918177789566485
1150,2735.4962,6906.0,6772.0,134.0,60.33275759439914
1151,2737.2283,6894.0,6746.0,148.0,60.6411274891843
1152,2738.9598,6855.0,6707.0,148.0,60.82109111470108
1153,2740.6907,6889.0,6781.0,108.0,60.84112581297478
1154,2742.4211,6846.0,6737.0,109.0,60.69305486469913
1155,2744.151,6811.0,6660.0,151.0,60.367959371316466
1156,2745.8803,6901.0,6727.0,174.0,59.83674273911185
1157,2747.609,6963.0,6815.0,148.0,59.076629624435704
1158,2749.3372,6900.0,6770.0,130.0,58.05388888806401
1159,2751.0649,7017.0,6900.0,117.0,56.73717241909643
1160,2752.792,6955.0,6826.0,129.0,55.150077825980304
1161,2754.5185,6776.0,6657.0,119.0,53.332015445394234
1162,2756.2445,6835.0,6689.0,146.0,51.31297908856743
1163,2757.97,6866.0,6667.0,199.0,49.13125278045778
1164,2759.6949,6890.0,6724.0,166.0,46.80977522210961
1165,2761.4193,6831.0,6709.0,122.0,44.36276927306742
1166,2763.1431,6770.0,6642.0,128.0,41.829951986624955
1167,2764.8664,6841.0,6696.0,145.0,39.24910736589543
1168,2766.5891,6785.0,6707.0,78.0,36.63257977498372
1169,2768.3113,6809.0,6768.0,41.0,33.993083351465756
1170,2770.033,6901.0,6808.0,93.0,31.32799460397424
1171,2771.7541,6879.0,6749.0,130.0,28.631667436574183
1172,2773.4747,6822.0,6712.0,110.0,25.94038065958286
1173,2775.1948,6850.0,6723.0,127.0,23.29472108920487
1174,2776.9143,6796.0,6694.0,102.0,20.728280867201924
1175,2778.6333,6856.0,6738.0,118.0,18.277805896533465
1176,2780.3518,6971.0,6824.0,147.0,15.941817805554876
1177,2782.0697,6863.0,6748.0,115.0,13.703581892543893
1178,2783.7871,6735.0,6609.0,126.0,11.57746149025803
1179,2785.504,6726.0,6609.0,117.0,9.572520029329738
1180,2787.2203,6680.0,6613.0,67.0,7.680877769039494
1181,2788.9361,6739.0,6668.0,71.0,5.905090659251469
1182,2790.6514,6751.0,6670.0,81.0,4.215327056100234
1183,2792.3662,6707.0,6624.0,83.0,2.585162954408055
1184,2794.0804,6789.0,6670.0,119.0,1.0659134708729976
1185,2795.7942,6762.0,6650.0,112.0,-0.28019850213077824
1186,2797.5074,6741.0,6658.0,83.0,-1.382037843640365
1187,2799.22,6775.0,6699.0,76.0,-2.1605166693632167
1188,2800.9322,6799.0,6702.0,97.0,-2.612300368647295
1189,2802.6438,6828.0,6719.0,109.0,-2.7501241033845325
1190,2804.3549,6769.0,6633.0,136.0,-2.5569362730884286
1191,2806.0655,6760.0,6605.0,155.0,-2.0315069622463398
1192,2807.7756,6775.0,6603.0,172.0,-1.137648543957157
1193,2809.4852,6777.0,6649.0,128.0,0.1806917434780786
1194,2811.1943,6868.0,6771.0,97.0,1.8840641371844775
1195,2812.9028,6836.0,6708.0,128.0,3.9404609467958203
1196,2814.6108,6792.0,6644.0,148.0,6.3924039489964635
1197,2816.3183,7189.0,7017.0,172.0,9.248304352104425
1198,2818.0254,7190.0,7048.0,142.0,12.623862971315152
1199,2819.7319,6864.0,6753.0,111.0,16.627698044009538
1200,2821.4378,6836.0,6676.0,160.0,21.078988061643017
1201,2823.1433,6814.0,6630.0,184.0,25.770600647400343
1202,2824.8483,6764.0,6598.0,166.0,30.488539772600774
1203,2826.5528,6763.0,6610.0,153.0,34.96958947908084
1204,2828.2568,6786.0,6592.0,194.0,39.28687400728232
1205,2829.9602,6880.0,6698.0,182.0,43.61862453073415
1206,2831.6632,6833.0,6661.0,172.0,47.840589975397734
1207,2833.3656,6758.0,6583.0,175.0,51.89426918402062
1208,2835.0676,6749.0,6557.0,192.0,55.81028372324262
1209,2836.7691,6869.0,6658.0,211.0,59.45982497953672
1210,2838.47,6974.0,6743.0,231.0,63.221308284567414
1211,2840.1705,6962.0,6746.0,216.0,67.51659755933778
1212,2841.8705,6861.0,6665.0,196.0,71.73914733739878
1213,2843.57,6804.0,6620.0,184.0,75.23309101937055
1214,2845.2689,6824.0,6651.0,173.0,77.5421589329813
1215,2846.9674,6879.0,6723.0,156.0,78.12395582698745
1216,2848.6654,6867.0,6697.0,170.0,77.54324050522722
1217,2850.363,6928.0,6732.0,196.0,76.94226158100236
1218,2852.06,7042.0,6826.0,216.0,76.37511797481336
1219,2853.7565,6922.0,6685.0,237.0,75.98146633050123
1220,2855.4525,6781.0,6551.0,230.0,77.11032297548965
1221,2857.1481,6815.0,6574.0,241.0,80.91767158604739
1222,2858.8432,6854.0,6610.0,244.0,88.86504892733723
1223,2860.5378,6907.0,6661.0,246.0,102.43378613793838
1224,2862.2319,6943.0,6628.0,315.0,120.61543098191278
1225,2863.9255,6956.0,6597.0,359.0,141.46369300829917
1226,2865.6186,6963.0,6625.0,338.0,164.21256171294095
1227,2867.3113,6979.0,6619.0,360.0,187.83823222528102
1228,2869.0035,6981.0,6572.0,409.0,210.6193053892002
1229,2870.6952,6975.0,6556.0,419.0,231.21323887943694
1230,2872.3864,7054.0,6600.0,454.0,247.61538795273427
1231,2874.0771,7051.0,6564.0,487.0,257.8309244667491
1232,2875.7674,7011.0,6503.0,508.0,262.53686485991255
1233,2877.4572,7008.0,6504.0,504.0,263.3983977196735
1234,2879.1465,7067.0,6552.0,515.0,261.01533153317814
1235,2880.8354,7073.0,6576.0,497.0,256.2683488613127
1236,2882.5237,6957.0,6562.0,395.0,250.75206856606889
1237,2884.2116,7061.0,6641.0,420.0,245.74205123089183
1238,2885.8991,7072.0,6646.0,426.0,242.95538513141304
1239,2887.586,6983.0,6604.0,379.0,244.20762806462923
1240,2889.2725,6998.0,6582.0,416.0,248.90751656919903
1241,2890.9586,6962.0,6523.0,439.0,255.3684809096178
1242,2892.6442,6886.0,6528.0,358.0,263.6106321858735
1243,2894.3293,6918.0,6539.0,379.0,273.4338663906335
1244,2896.0139,6979.0,6560.0,419.0,282.67851452657095
1245,2897.6981,6957.0,6525.0,432.0,289.5005429594421
1246,2899.3818,6907.0,6505.0,402.0,291.6885424760712
1247,2901.0651,6957.0,6556.0,401.0,286.84442916553763
1248,2902.7479,6975.0,6575.0,400.0,276.65176754349307
1249,2904.4302,7067.0,6684.0,383.0,264.54424384505984
1250,2906.1121,7058.0,6678.0,380.0,251.02043455370207
1251,2907.7935,6947.0,6594.0,353.0,236.97993546057063
1252,2909.4745,6898.0,6552.0,346.0,225.99697390508442
1253,2911.155,6957.0,6615.0,342.0,220.88383355239597
1254,2912.8351,7059.0,6664.0,395.0,225.8314531034645
1255,2914.5147,7077.0,6631.0,446.0,245.08053182310152
1256,2916.1939,7055.0,6603.0,452.0,275.6651175280014
1257,2917.8726,7077.0,6580.0,497.0,312.15487192173896
1258,2919.5508,7146.0,6621.0,525.0,352.23057968694644
1259,2921.2287,7165.0,6590.0,575.0,392.74811491448105
1260,2922.906,7214.0,6549.0,665.0,429.574996304971
1261,2924.583,7297.0,6605.0,692.0,459.9192101921444
1262,2926.2594,7340.0,6644.0,696.0,478.2263344729042
1263,2927.9355,7317.0,6614.0,703.0,479.11736337565077
1264,2929.6111,7334.0,6627.0,707.0,464.9842536717136
1265,2931.2862,7235.0,6562.0,673.0,440.37674174486324
1266,2932.9609,7110.0,6456.0,654.0,408.2642023770891
1267,2934.6352,7208.0,6562.0,646.0,372.5933510106771
1268,2936.309,7142.0,6617.0,525.0,335.6950021633166
1269,2937.9824,7045.0,6563.0,482.0,298.5767534567334
1270,2939.6554,7077.0,6589.0,488.0,265.05770705675116
1271,2941.3279,7023.0,6562.0,461.0,238.75638414706498
1272,2943.0,6916.0,6481.0,435.0,219.02061680278828
1273,2944.6717,6867.0,6486.0,381.0,204.33460936617465
1274,2946.3429,6814.0,6479.0,335.0,193.085164759486
1275,2948.0137,6828.0,6502.0,326.0,183.09087833855074
1276,2949.684,6823.0,6525.0,298.0,174.40586524120874
1277,2951.354,6924.0,6688.0,236.0,167.7784324071174
1278,2953.0235,6961.0,6687.0,274.0,162.59864839193415
1279,2954.6926,6793.0,6487.0,306.0,158.33818603465738
1280,2956.3612,6736.0,6425.0,311.0,154.8676407465091
1281,2958.0294,6733.0,6438.0,295.0,151.93869659023304
1282,2959.6972,6780.0,6498.0,282.0,149.80291233942555
1283,2961.3646,6776.0,6515.0,261.0,148.77973920555286
1284,2963.0316,6738.0,6501.0,237.0,148.36622411753225
1285,2964.6981,6760.0,6520.0,240.0,147.9628718670641
1286,2966.3642,6824.0,6553.0,271.0,146.99896210224782
1287,2968.0299,6808.0,6509.0,299.0,144.90265352607554
1288,2969.6952,6796.0,6489.0,307.0,141.72075441877539
1289,2971.3601,6789.0,6482.0,307.0,137.65737181734897
1290,2973.0245,6758.0,6516.0,242.0,132.88758741988386
1291,2974.6886,6772.0,6520.0,252.0,127.65701410998074
1292,2976.3522,6834.0,6532.0,302.0,121.84128874945881
1293,2978.0154,6854.0,6556.0,298.0,115.24969197258457
1294,2979.6782,6782.0,6489.0,293.0,107.88829426242984
1295,2981.3406,6745.0,6448.0,297.0,99.75124685560233
1296,2983.0025,6726.0,6430.0,296.0,91.03706793517772
1297,2984.6641,6687.0,6412.0,275.0,82.09057100720277
1298,2986.3253,6679.0,6428.0,251.0,72.96090203441408
1299,2987.986,6673.0,6480.0,193.0,63.720500306546604
1300,2989.6464,6646.0,6446.0,200.0,54.80310358998835
1301,2991.3063,6721.0,6509.0,212.0,46.59987335659103
1302,2992.9658,6783.0,6594.0,189.0,39.61627659771805
1303,2994.625,6679.0,6494.0,185.0,34.35402830769337
1304,2996.2837,6774.0,6598.0,176.0,30.610974390468403
1305,2997.9421,6755.0,6609.0,146.0,27.960763930185458
1306,2999.6,6544.0,6404.0,140.0,26.19061196169254
1307,3001.2575,6527.0,6409.0,118.0,25.00371373839465
1308,3002.9147,6543.0,6413.0,130.0,24.148411445759365
1309,3004.5714,6533.0,6387.0,146.0,23.484014526735834
1310,3006.2278,6547.0,6430.0,117.0,22.622111348125042
1311,3007.8837,6506.0,6416.0,90.0,21.184713901531858
1312,3009.5393,6485.0,6382.0,103.0,19.26657945700082
1313,3011.1945,6495.0,6362.0,133.0,17.074548916511628
1314,3012.8493,6560.0,6429.0,131.0,14.766099946304408
1315,3014.5037,6583.0,6467.0,116.0,12.556258714164095
1316,3016.1577,6561.0,6422.0,139.0,10.493741926998275
1317,3017.8113,6516.0,6427.0,89.0,8.548435186968906
1318,3019.4645,6519.0,6417.0,102.0,6.8410623115399645
1319,3021.1174,6574.0,6434.0,140.0,5.484325874518209
1320,3022.7698,6557.0,6439.0,118.0,4.437517472501046
1321,3024.4219,6560.0,6453.0,107.0,3.633727234047754
1322,3026.0736,6482.0,6401.0,81.0,3.001924767543745
1323,3027.7249,6493.0,6434.0,59.0,2.450462488337518
1324,3029.3759,6597.0,6541.0,56.0,1.963161875621406
1325,3031.0264,6542.0,6459.0,83.0,1.5547833331797243
1326,3032.6766,6536.0,6432.0,104.0,1.1882296783670903
1327,3034.3264,6591.0,6484.0,107.0,0.8306999600805618
1328,3035.9758,6600.0,6537.0,63.0,0.5008183248636442
1329,3037.6249,6614.0,6524.0,90.0,0.22711353904049858
1330,3039.2735,6619.0,6499.0,120.0,0.03533874639335721
1331,3040.9218,6626.0,6452.0,174.0,-0.040807850646718435
1332,3042.5698,6559.0,6436.0,123.0,0.013749771547189482
1333,3044.2173,6454.0,6418.0,36.0,0.201315327601975
1334,3045.8645,6439.0,6338.0,101.0,0.5482039632975813
1335,3047.5113,6523.0,6379.0,144.0,1.0771503884184668
1336,3049.1578,6497.0,6386.0,111.0,1.7702522696305358
1337,3050.8039,6453.0,6334.0,119.0,2.601167309965568
1338,3052.4496,6465.0,6355.0,110.0,3.5405306224171156
1339,3054.095,6523.0,6449.0,74.0,4.552760041578747
1340,3055.74,6515.0,6425.0,90.0,5.6264903227682765
1341,3057.3846,6840.0,6735.0,105.0,6.757149579321879
1342,3059.0289,6738.0,6655.0,83.0,7.924898581592302
1343,3060.6728,6520.0,6431.0,89.0,9.111698086342383
1344,3062.3163,6539.0,6408.0,131.0,10.301810270924772
1345,3063.9595,6603.0,6510.0,93.0,11.476457574114338
1346,3065.6024,6658.0,6555.0,103.0,12.62982618588019
1347,3067.2448,6511.0,6401.0,110.0,13.757172654280485
1348,3068.887,6434.0,6337.0,97.0,14.835895972633395
1349,3070.5287,6457.0,6354.0,103.0,15.844413167494285
1350,3072.1702,6497.0,6389.0,108.0,16.759130508513294
1351,3073.8112,6569.0,6471.0,98.0,17.557582609804818
1352,3075.4519,6535.0,6436.0,99.0,18.244799629552517
1353,3077.0923,6469.0,6338.0,131.0,18.834394475927056
1354,3078.7323,6466.0,6339.0,127.0,19.33500004642656
1355,3080.372,6510.0,6382.0,128.0,19.759174664334054
1356,3082.0113,6530.0,6397.0,133.0,20.113064970158426
1357,3083.6503,6495.0,6396.0,99.0,20.399287960043427
1358,3085.2889,6468.0,6359.0,109.0,20.630998248761976
1359,3086.9272,6445.0,6311.0,134.0,20.82096634856336
1360,3088.5652,6525.0,6423.0,102.0,20.97227091437741
1361,3090.2028,6505.0,6408.0,97.0,21.087757730162668
1362,3091.84,6481.0,6368.0,113.0,21.16551806085444
1363,3093.477,6506.0,6375.0,131.0,21.202516941243594
1364,3095.1136,6538.0,6397.0,141.0,21.208751722351174
1365,3096.7498,6516.0,6417.0,99.0,21.195575327166395
1366,3098.3857,6456.0,6352.0,104.0,21.172444363449642
1367,3100.0213,6422.0,6302.0,120.0,21.148956360711253
1368,3101.6566,6457.0,6327.0,130.0,21.12312825340944
1369,3103.2915,6487.0,6354.0,133.0,21.08861421529432
1370,3104.9261,6434.0,6312.0,122.0,21.044174872179244
1371,3106.5603,6508.0,6354.0,154.0,20.987157219929095
1372,3108.1942,6553.0,6411.0,142.0,20.913694422488
1373,3109.8278,6636.0,6477.0,159.0,20.821632221739986
1374,3111.4611,6521.0,6421.0,100.0,20.704041703843057
1375,3113.0941,6475.0,6372.0,103.0,20.55413239175618
1376,3114.7267,6452.0,6359.0,93.0,20.37518465698371
1377,3116.359,6442.0,6361.0,81.0,20.17253811763224
1378,3117.9909,6536.0,6424.0,112.0,19.951089143098127
1379,3119.6226,6570.0,6436.0,134.0,19.716909004007935
1380,3121.2539,6481.0,6326.0,155.0,19.47055812276669
1381,3122.8849,6472.0,6333.0,139.0,19.210794480948067
1382,3124.5156,6445.0,6352.0,93.0,18.940041732880328
1383,3126.146,6422.0,6364.0,58.0,18.66027104267321
1384,3127.776,6451.0,6352.0,99.0,18.37249609903128
1385,3129.4057,6452.0,6307.0,145.0,18.078496688067577
1386,3131.0352,6424.0,6306.0,118.0,17.77706236477418
1387,3132.6643,6418.0,6322.0,96.0,17.466795432296266
1388,3134.2931,6433.0,6300.0,133.0,17.15135554921247
1389,3135.9216,6487.0,6360.0,127.0,16.834554279654007
1390,3137.5497,6486.0,6369.0,117.0,16.52032492625845
1391,3139.1776,6440.0,6285.0,155.0,16.212849748208054
1392,3140.8051,6435.0,6293.0,142.0,15.91010938123339
1393,3142.4324,6434.0,6274.0,160.0,15.608026325401436
1394,3144.0593,6409.0,6306.0,103.0,15.30573006648547
1395,3145.686,6437.0,6370.0,67.0,15.00171078616017
1396,3147.3123,6482.0,6368.0,114.0,14.694100253626019
1397,3148.9383,6481.0,6364.0,117.0,14.382498364871719
1398,3150.5641,6535.0,6401.0,134.0,14.06327940464164
1399,3152.1895,6484.0,6351.0,133.0,13.733369246129925
1400,3153.8146,6488.0,6367.0,121.0,13.397062340650947
1401,3155.4394,6509.0,6400.0,109.0,13.06005483845691
1402,3157.064,6448.0,6348.0,100.0,12.728985391024022
1403,3158.6882,6451.0,6338.0,113.0,12.411510812101831
1404,3160.3121,6452.0,6299.0,153.0,12.109584116459082
1405,3161.9358,6476.0,6321.0,155.0,11.824000896060674
1406,3163.5591,6448.0,6342.0,106.0,11.55810479123064
1407,3165.1822,6490.0,6380.0,110.0,11.31473879887034
1408,3166.8049,6473.0,6317.0,156.0,11.098880491784303
1409,3168.4274,6414.0,6249.0,165.0,10.916960043299696
1410,3170.0496,6426.0,6276.0,150.0,10.771230611096108
1411,3171.6715,6420.0,6285.0,135.0,10.66393588068733
1412,3173.2931,6431.0,6316.0,115.0,10.601465895926577
1413,3174.9144,6474.0,6354.0,120.0,10.589260613128598
1414,3176.5355,6515.0,6402.0,113.0,10.63440313628448
1415,3178.1562,6435.0,6332.0,103.0,10.74348871284937
1416,3179.7767,6354.0,6256.0,98.0,10.913450084070568
1417,3181.3969,6473.0,6376.0,97.0,11.138395022910007
1418,3183.0168,6511.0,6397.0,114.0,11.413739218384759
1419,3184.6364,6423.0,6297.0,126.0,11.7334603863263
1420,3186.2558,6385.0,6240.0,145.0,12.094371040836375
1421,3187.8749,6449.0,6308.0,141.0,12.49460225006733
1422,3189.4937,6514.0,6396.0,118.0,12.9284200626369
1423,3191.1122,6489.0,6362.0,127.0,13.390267300180337
1424,3192.7304,6403.0,6268.0,135.0,13.877708112759734
1425,3194.3484,6476.0,6354.0,122.0,14.388182428332673
1426,3195.9661,6514.0,6412.0,102.0,14.921166223060911
1427,3197.5835,6479.0,6346.0,133.0,15.476525244470103
1428,3199.2007,6448.0,6287.0,161.0,16.04898151415794
1429,3200.8176,6393.0,6244.0,149.0,16.6327781333484
1430,3202.4342,6366.0,6231.0,135.0,17.222939557258016
1431,3204.0506,6501.0,6380.0,121.0,17.814349228878193
1432,3205.6667,6615.0,6495.0,120.0,18.40663546266821
1433,3207.2825,6510.0,6415.0,95.0,19.001342325669405
1434,3208.898,6390.0,6306.0,84.0,19.597335094034484
1435,3210.5133,6459.0,6305.0,154.0,20.194069649634105
1436,3212.1284,6452.0,6284.0,168.0,20.792463884820318
1437,3213.7432,6391.0,6267.0,124.0,21.39267260633698
1438,3215.3577,6447.0,6309.0,138.0,21.997041664801838
1439,3216.9719,6453.0,6337.0,116.0,22.607924042463324
1440,3218.5859,6439.0,6334.0,105.0,23.221795490458472
1441,3220.1997,6434.0,6314.0,120.0,23.833810653170076
1442,3221.8132,6463.0,6319.0,144.0,24.440142020723748
1443,3223.4264,6445.0,6274.0,171.0,25.036292727673576
1444,3225.0394,6478.0,6302.0,176.0,25.620295403759666
1445,3226.6521,6511.0,6373.0,138.0,26.19147090681905
1446,3228.2646,6473.0,6363.0,110.0,26.746449675975175
1447,3229.8768,6453.0,6325.0,128.0,27.28234782704832
1448,3231.4888,6452.0,6301.0,151.0,27.798871891125064
1449,3233.1006,6435.0,6281.0,154.0,28.295659550188596
1450,3234.7121,6527.0,6366.0,161.0,28.774596015696943
1451,3236.3233,6540.0,6383.0,157.0,29.23800513395654
1452,3237.9343,6434.0,6238.0,196.0,29.683278050099357
1453,3239.545,6410.0,6228.0,182.0,30.10746773006621
1454,3241.1556,6417.0,6272.0,145.0,30.50836256883077
1455,3242.7658,6399.0,6223.0,176.0,30.883468410288646
1456,3244.3759,6448.0,6249.0,199.0,31.235224546263094
1457,3245.9857,6443.0,6261.0,182.0,31.568068215083684
1458,3247.5952,6381.0,6220.0,161.0,31.882718548319286
1459,3249.2045,6418.0,6258.0,160.0,32.180381351615225
1460,3250.8136,6475.0,6271.0,204.0,32.46438443725202
1461,3252.4225,6490.0,6330.0,160.0,32.73677843255891
1462,3254.0311,6427.0,6294.0,133.0,33.002464990558664
1463,3255.6394,6346.0,6220.0,126.0,33.265915695436206
1464,3257.2476,6329.0,6181.0,148.0,33.52270190271952
1465,3258.8555,6337.0,6163.0,174.0,33.76633573631611
1466,3260.4632,6407.0,6263.0,144.0,33.99068261624539
1467,3262.0707,6455.0,6301.0,154.0,34.188414992676925
1468,3263.6779,6391.0,6250.0,141.0,34.356950006650436
1469,3265.2849,6372.0,6244.0,128.0,34.49523700054164
1470,3266.8917,6632.0,6535.0,97.0,34.59864754189006
1471,3268.4982,6521.0,6417.0,104.0,34.66309503971802
1472,3270.1046,6373.0,6228.0,145.0,34.685600665689336
1473,3271.7107,6487.0,6321.0,166.0,34.66240570568682
1474,3273.3166,6466.0,6348.0,118.0,34.59351148278249
1475,3274.9222,6510.0,6357.0,153.0,34.47937048852788
1476,3276.5277,6494.0,6340.0,154.0,34.314407392830674
1477,3278.1329,6450.0,6302.0,148.0,34.093235407346214
1478,3279.7379,6397.0,6194.0,203.0,33.810776006905684
1479,3281.3427,6389.0,6206.0,183.0,33.46206675057532
1480,3282.9473,6697.0,6552.0,145.0,33.05050216451876
1481,3284.5517,6661.0,6484.0,177.0,32.58277925572845
1482,3286.1559,6511.0,6333.0,178.0,32.06182457832814
1483,3287.7598,6452.0,6277.0,175.0,31.491790303356343
1484,3289.3636,6326.0,6171.0,155.0,30.878870297747294
1485,3290.9671,6334.0,6196.0,138.0,30.2281319069247
1486,3292.5704,6340.0,6176.0,164.0,29.548253303578853
1487,3294.1735,6429.0,6242.0,187.0,28.848093909470553
1488,3295.7764,6462.0,6312.0,150.0,28.127466011500385
1489,3297.3791,6429.0,6279.0,150.0,27.38409012460762
1490,3298.9816,6385.0,6238.0,147.0,26.617774512991726
1491,3300.5839,6460.0,6328.0,132.0,25.827354730300872
1492,3302.186,6448.0,6309.0,139.0,25.01482300574588
1493,3303.7879,6377.0,6244.0,133.0,24.184226139039666
1494,3305.3896,6334.0,6203.0,131.0,23.335439886789413
1495,3306.9911,6444.0,6237.0,207.0,22.468998998266468
1496,3308.5924,6436.0,6258.0,178.0,21.59077265790056
1497,3310.1935,6364.0,6222.0,142.0,20.70698950913073
1498,3311.7944,6390.0,6250.0,140.0,19.826287098291836
1499,3313.3951,6395.0,6265.0,130.0,18.958087039301475
1500,3314.9957,6344.0,6196.0,148.0,18.10466164824459
1501,3316.596,6384.0,6201.0,183.0,17.267256667239504
1502,3318.1961,6356.0,6201.0,155.0,16.44914394532208
1503,3319.7961,6307.0,6161.0,146.0,15.652916896549655
1504,3321.3958,6341.0,6204.0,137.0,14.885874099301475
1505,3322.9954,6314.0,6214.0,100.0,14.157690756627698
1506,3324.5948,6324.0,6212.0,112.0,13.472306057996686
1507,3326.194,6478.0,6334.0,144.0,12.833774316849468
1508,3327.793,6451.0,6322.0,129.0,12.251244417834098
1509,3329.3918,6340.0,6210.0,130.0,11.732380738999108
1510,3330.9905,6323.0,6195.0,128.0,11.286962314074785
1511,3332.5889,6362.0,6240.0,122.0,10.924230841579128
1512,3334.1872,6379.0,6251.0,128.0,10.640364299645302
1513,3335.7853,6341.0,6195.0,146.0,10.427320251152103
1514,3337.3832,6310.0,6169.0,141.0,10.280117210433104
1515,3338.981,6371.0,6209.0,162.0,10.191805981254056
1516,3340.5786,6345.0,6208.0,137.0,10.156759999624995
1517,3342.176,6347.0,6203.0,144.0,10.171139603729948
1518,3343.7732,6402.0,6249.0,153.0,10.22577496955697
1519,3345.3702,6421.0,6330.0,91.0,10.311491491114051
1520,3346.9671,6389.0,6304.0,85.0,10.427051622686676
1521,3348.5638,6432.0,6284.0,148.0,10.572420751926003
1522,3350.1604,6363.0,6213.0,150.0,10.747642067765199
1523,3351.7568,6349.0,6220.0,129.0,10.953658082225427
1524,3353.353,6388.0,6251.0,137.0,11.185762521681838
1525,3354.949,6392.0,6290.0,102.0,11.437537295401679
1526,3356.5449,6398.0,6274.0,124.0,11.705854712407604
1527,3358.1406,6337.0,6192.0,145.0,11.98706104067622
1528,3359.7361,6316.0,6182.0,134.0,12.277147103883078
1529,3361.3315,6396.0,6249.0,147.0,12.57317385516015
1530,3362.9267,6442.0,6307.0,135.0,12.86884666266792
1531,3364.5218,6347.0,6209.0,138.0,13.157729872258777
1532,3366.1167,6650.0,6546.0,104.0,13.439195321331443
1533,3367.7114,6670.0,6557.0,113.0,13.712854595990581
1534,3369.306,6492.0,6326.0,166.0,13.978234057399959
1535,3370.9004,6401.0,6259.0,142.0,14.235377450545204
1536,3372.4947,6351.0,6182.0,169.0,14.477533925038685
1537,3374.0888,6439.0,6273.0,166.0,14.695424799469972
1538,3375.6828,6431.0,6328.0,103.0,14.884575020858971
1539,3377.2766,6378.0,6257.0,121.0,15.040073281332514
1540,3378.8703,6378.0,6243.0,135.0,15.154473802312872
1541,3380.4638,6367.0,6241.0,126.0,15.22210210364932
1542,3382.0572,6341.0,6212.0,129.0,15.234459634093884
1543,3383.6504,6309.0,6162.0,147.0,15.18364364698753
1544,3385.2435,6357.0,6236.0,121.0,15.072789382570583
1545,3386.8364,6363.0,6231.0,132.0,14.90830694998229
1546,3388.4292,6331.0,6188.0,143.0,14.694926384613932
1547,3390.0219,6316.0,6184.0,132.0,14.439065291833412
1548,3391.6144,6336.0,6197.0,139.0,14.144602328530553
1549,3393.2067,6322.0,6192.0,130.0,13.813880587772722
1550,3394.7989,6379.0,6247.0,132.0,13.453647259749125
1551,3396.391,6449.0,6308.0,141.0,13.070575185813265
1552,3397.983,6360.0,6232.0,128.0,12.666494102988878
1553,3399.5748,6328.0,6200.0,128.0,12.242841294654816
1554,3401.1665,6297.0,6156.0,141.0,11.800014643351982
1555,3402.758,6295.0,6173.0,122.0,11.337847185922698
1556,3404.3494,6348.0,6252.0,96.0,10.861080515889409
1557,3405.9407,6312.0,6190.0,122.0,10.375468228377013
1558,3407.5318,6266.0,6100.0,166.0,9.884899883167392
1559,3409.1228,6400.0,6264.0,136.0,9.393561620021785
1560,3410.7137,6397.0,6224.0,173.0,8.903719850807015
1561,3412.3045,6362.0,6212.0,150.0,8.41627102591092
1562,3413.8951,6330.0,6201.0,129.0,7.934824682156702
1563,3415.4856,6247.0,6118.0,129.0,7.462786011602407
1564,3417.076,6304.0,6174.0,130.0,7.000126008728682
1565,3418.6662,6304.0,6170.0,134.0,6.546973895799823
1566,3420.2564,6261.0,6186.0,75.0,6.102683922038434
1567,3421.8464,6301.0,6192.0,109.0,5.6663244265409745
1568,3423.4363,6257.0,6165.0,92.0,5.242484752537628
1569,3425.026,6262.0,6159.0,103.0,4.837574351280203
1570,3426.6157,6328.0,6177.0,151.0,4.455001010443944
1571,3428.2052,6322.0,6179.0,143.0,4.098607357569218
1572,3429.7946,6284.0,6176.0,108.0,3.7730043840347562
1573,3431.3839,6270.0,6186.0,84.0,3.4814674011095335
1574,3432.9731,6309.0,6203.0,106.0,3.2294423293136845
1575,3434.5622,6340.0,6236.0,104.0,3.02195260302393
1576,3436.1512,6343.0,6247.0,96.0,2.85711538376988
1577,3437.74,6312.0,6182.0,130.0,2.7311033146602917
1578,3439.3288,6295.0,6187.0,108.0,2.640816536715473
1579,3440.9174,6286.0,6189.0,97.0,2.5820984116899197
1580,3442.5059,6298.0,6186.0,112.0,2.5527774543627118
1581,3444.0943,6335.0,6199.0,136.0,2.5516396446458884
1582,3445.6826,6334.0,6197.0,137.0,2.574749434117745
1583,3447.2708,6267.0,6151.0,116.0,2.6182265511081226
1584,3448.859,6397.0,6290.0,107.0,2.6806737682873347
1585,3450.447,6377.0,6273.0,104.0,2.760783436670806
1586,3452.0349,6281.0,6169.0,112.0,2.858078913558437
1587,3453.6227,6385.0,6252.0,133.0,2.972383791329424
1588,3455.2104,6305.0,6191.0,114.0,3.1004975890913116
1589,3456.798,6230.0,6137.0,93.0,3.238693260144821
1590,3458.3855,6358.0,6232.0,126.0,3.384169803815084
1591,3459.9729,6380.0,6246.0,134.0,3.5339689542350854
1592,3461.5602,6314.0,6206.0,108.0,3.6867593723255006
1593,3463.1474,6264.0,6173.0,91.0,3.8421338315146905
1594,3464.7345,6269.0,6172.0,97.0,3.998087757698997
1595,3466.3216,6345.0,6212.0,133.0,4.152790049507917
1596,3467.9085,6384.0,6235.0,149.0,4.30619132294629
1597,3469.4954,6319.0,6191.0,128.0,4.458070559591093
1598,3471.0821,6326.0,6210.0,116.0,4.608805334272649
1599,3472.6688,6558.0,6478.0,80.0,4.7589207759740475
1600,3474.2554,6476.0,6364.0,112.0,4.90573608900894
1601,3475.8419,6326.0,6165.0,161.0,5.045529656749487
1602,3477.4283,6297.0,6163.0,134.0,5.17622261904588
1603,3479.0147,6299.0,6171.0,128.0,5.2954879306451375
1604,3480.6009,6327.0,6191.0,136.0,5.400620615587236
1605,3482.1871,6278.0,6150.0,128.0,5.48965027317805
1606,3483.7732,6273.0,6158.0,115.0,5.559453597042303
1607,3485.3592,6364.0,6263.0,101.0,5.607115402945539
1608,3486.9451,6373.0,6293.0,80.0,5.633508485202629
1609,3488.531,6263.0,6169.0,94.0,5.640623021838277
1610,3490.1168,6239.0,6109.0,130.0,5.629871758910056
1611,3491.7025,6324.0,6231.0,93.0,5.603252970447993
1612,3493.2881,6340.0,6247.0,93.0,5.56200377743318
1613,3494.8737,6270.0,6182.0,88.0,5.506828349420303
1614,3496.4592,6315.0,6240.0,75.0,5.4399555667114186
1615,3498.0446,6373.0,6266.0,107.0,5.36360907984205
1616,3499.63,6246.0,6145.0,101.0,5.27813523286223
1617,3501.2152,6196.0,6097.0,99.0,5.18367140074016
1618,3502.8005,6271.0,6153.0,118.0,5.080208709042044
1619,3504.3856,6249.0,6140.0,109.0,4.967548505013809
1620,3505.9707,6236.0,6125.0,111.0,4.847002006703242
1621,3507.5557,6237.0,6130.0,107.0,4.720325313874163
1622,3509.1407,6212.0,6108.0,104.0,4.5884492893174205
1623,3510.7255,6207.0,6120.0,87.0,4.452454660245817
1624,3512.3104,6204.0,6150.0,54.0,4.313366151456542
1625,3513.8952,6220.0,6116.0,104.0,4.171900790180942
1626,3515.4799,6266.0,6137.0,129.0,4.029663833347005
1627,3517.0645,6324.0,6218.0,106.0,3.8882841451987034
1628,3518.6491,6277.0,6158.0,119.0,3.747849131614089
1629,3520.2337,6460.0,6315.0,145.0,3.6083787422186973
1630,3521.8181,6492.0,6376.0,116.0,3.4699599077367864
1631,3523.4026,6269.0,6176.0,93.0,3.332503508279842
1632,3524.987,6212.0,6097.0,115.0,3.1976925955567097
1633,3526.5713,6214.0,6077.0,137.0,3.067909903061235
1634,3528.1556,6172.0,6093.0,79.0,2.9441295163303494
1635,3529.7398,6210.0,6156.0,54.0,2.827428035621267
1636,3531.324,6308.0,6212.0,96.0,2.719853283855471
1637,3532.9081,6314.0,6206.0,108.0,2.6230139270573645
1638,3534.4922,6239.0,6148.0,91.0,2.539134139114992
1639,3536.0762,6268.0,6170.0,98.0,2.470328577787491
1640,3537.6602,6321.0,6232.0,89.0,2.415490790374463
1641,3539.2442,6376.0,6258.0,118.0,2.3724536723625036
1642,3540.8281,6331.0,6215.0,116.0,2.3399462762293695
1643,3542.412,6273.0,6208.0,65.0,2.3162057203044526
1644,3543.9958,6214.0,6175.0,39.0,2.2995541953300247
1645,3545.5796,6308.0,6218.0,90.0,2.2887728426937883
1646,3547.1633,6334.0,6223.0,111.0,2.2813002100728923
1647,3548.7471,6223.0,6143.0,80.0,2.2745477155667757
1648,3550.3307,6638.0,6538.0,100.0,2.268387772939249
1649,3551.9144,6611.0,6499.0,112.0,2.2631226863915685
1650,3553.498,6246.0,6125.0,121.0,2.258820378988581
1651,3555.0816,6329.0,6209.0,120.0,2.255817565062472
1652,3556.6651,6275.0,6177.0,98.0,2.2531262573125943
1653,3558.2486,6219.0,6105.0,114.0,2.249192604499463
1654,3559.8321,6315.0,6189.0,126.0,2.2436167921813492
1655,3561.4156,6261.0,6150.0,111.0,2.2358133313583934
1656,3562.999,6250.0,6170.0,80.0,2.2243605822503696
1657,3564.5824,6249.0,6166.0,83.0,2.207978575201359
1658,3566.1658,6245.0,6098.0,147.0,2.1844261391079627
1659,3567.7492,6277.0,6176.0,101.0,2.151331749821928
1660,3569.3325,6282.0,6183.0,99.0,2.1084843326228935
1661,3570.9158,6283.0,6189.0,94.0,2.055868242646831
1662,3572.4991,6316.0,6241.0,75.0,1.993157792754765
1663,3574.0824,6256.0,6169.0,87.0,1.9202371386286146
1664,3575.6656,6204.0,6146.0,58.0,1.8350091848729448
1665,3577.2489,6203.0,6151.0,52.0,1.7345246549053428
1666,3578.8321,6205.0,6110.0,95.0,1.6176712076288595
1667,3580.4153,6264.0,6162.0,102.0,1.4832284613205928
1668,3581.9985,6244.0,6160.0,84.0,1.328690843063633
1669,3583.5816,6510.0,6399.0,111.0,1.1521306701850165
1670,3585.1648,6441.0,6327.0,114.0,0.9507407182409224
1671,3586.7479,6230.0,6147.0,83.0,0.7219344549239608
1672,3588.3311,6286.0,6197.0,89.0,0.46728812556437305
1673,3589.9142,6296.0,6196.0,100.0,0.18968788422022698
1674,3591.4973,6311.0,6209.0,102.0,-0.1087910102303411
1675,3593.0804,6286.0,6175.0,111.0,-0.4254333157601451
1676,3594.6635,6293.0,6175.0,118.0,-0.7582420665520146
1677,3596.2466,6273.0,6152.0,121.0,-1.1058015390988913
1678,3597.8297,6306.0,6228.0,78.0,-1.4649905065519349
1679,3599.4128,6385.0,6336.0,49.0,-1.8327091917158
1680,3600.9959,6363.0,6263.0,100.0,-2.2080370954289066
1681,3602.579,6232.0,6145.0,87.0,-2.5903032446124783
1682,3604.1621,6264.0,6210.0,54.0,-2.97910217521067
1683,3605.7452,6257.0,6220.0,37.0,-3.3742835114505354
1684,3607.3282,6250.0,6186.0,64.0,-3.773770323833517
1685,3608.9113,6349.0,6261.0,88.0,-4.175040559052121
1686,3610.4944,6288.0,6204.0,84.0,-4.576445065618284
1687,3612.0775,6196.0,6105.0,91.0,-4.9761929528549125
1688,3613.6606,6174.0,6088.0,86.0,-5.3729418118300565
1689,3615.2438,6287.0,6195.0,92.0,-5.765844525902594
1690,3616.8269,6272.0,6172.0,100.0,-6.152891445158893
1691,3618.41,6276.0,6174.0,102.0,-6.532127001870055
1692,3619.9932,6326.0,6250.0,76.0,-6.903249303239541
1693,3621.5763,6269.0,6192.0,77.0,-7.265923568025283
1694,3623.1595,6227.0,6165.0,62.0,-7.620071205646347
1695,3624.7427,6326.0,6248.0,78.0,-7.965741123757617
1696,3626.3258,6342.0,6281.0,61.0,-8.300575816958158
1697,3627.9091,6231.0,6181.0,50.0,-8.621442979531405
1698,3629.4923,6190.0,6112.0,78.0,-8.926553555534902
1699,3631.0755,6213.0,6122.0,91.0,-9.213958079093445
1700,3632.6588,6311.0,6216.0,95.0,-9.481353543182191
1701,3634.2421,6299.0,6188.0,111.0,-9.727044032228466
1702,3635.8254,6249.0,6148.0,101.0,-9.948312825395803
1703,3637.4087,6241.0,6162.0,79.0,-10.142668325601964
1704,3638.992,6194.0,6133.0,61.0,-10.31079265254856
1705,3640.5754,6181.0,6100.0,81.0,-10.454224359996982
1706,3642.1588,6225.0,6148.0,77.0,-10.57435180565177
1707,3643.7422,6278.0,6200.0,78.0,-10.67306730491643
1708,3645.3257,6254.0,6175.0,79.0,-10.751041089841351
1709,3646.9091,6257.0,6176.0,81.0,-10.808516011011761
1710,3648.4926,6240.0,6154.0,86.0,-10.846963783620495
1711,3650.0762,6204.0,6096.0,108.0,-10.867810617953033
1712,3651.6597,6495.0,6418.0,77.0,-10.871874295221087
1713,3653.2433,6501.0,6421.0,80.0,-10.86013273553332
1714,3654.827,6282.0,6202.0,80.0,-10.832892697599956
1715,3656.4106,6246.0,6167.0,79.0,-10.790383679231802
1716,3657.9943,6264.0,6192.0,72.0,-10.734273028382137
1717,3659.5781,6283.0,6221.0,62.0,-10.66632290075783
1718,3661.1618,6284.0,6230.0,54.0,-10.588203919772386
1719,3662.7457,6251.0,6175.0,76.0,-10.501629714587512
1720,3664.3295,6295.0,6235.0,60.0,-10.406815627770044
1721,3665.9134,6292.0,6212.0,80.0,-10.303468125039696
1722,3667.4973,6219.0,6118.0,101.0,-10.191870154044082
1723,3669.0813,6274.0,6175.0,99.0,-10.07214019289296
1724,3670.6653,6323.0,6249.0,74.0,-9.944275677809376
1725,3672.2494,6277.0,6209.0,68.0,-9.808487697978116
1726,3673.8335,6222.0,6186.0,36.0,-9.664447005624528
1727,3675.4176,6335.0,6267.0,68.0,-9.511829962894758
1728,3677.0018,6307.0,6197.0,110.0,-9.351458576720635
1729,3678.5861,6271.0,6178.0,93.0,-9.184422152105448
1730,3680.1704,6256.0,6192.0,64.0,-9.011633222099757
1731,3681.7547,6203.0,6135.0,68.0,-8.834125485951201
1732,3683.3391,6553.0,6465.0,88.0,-8.652555723440866
1733,3684.9236,6537.0,6444.0,93.0,-8.467373141642945
1734,3686.5081,6225.0,6157.0,68.0,-8.279350685519066
1735,3688.0927,6218.0,6140.0,78.0,-8.089237325321314
1736,3689.6773,6221.0,6157.0,64.0,-7.897378215239268
1737,3691.262,6322.0,6242.0,80.0,-7.7040333718331695
1738,3692.8467,6406.0,6314.0,92.0,-7.509455920685731
1739,3694.4315,6310.0,6236.0,74.0,-7.313841910161486
1740,3696.0163,6357.0,6278.0,79.0,-7.117481577439477
1741,3697.6012,6404.0,6324.0,80.0,-6.92072925419054
1742,3699.1862,6327.0,6249.0,78.0,-6.723803462411652
1743,3700.7713,6335.0,6297.0,38.0,-6.52690772213127
1744,3702.3564,6287.0,6238.0,49.0,-6.330415820893457
1745,3703.9415,6254.0,6159.0,95.0,-6.134749185056421
1746,3705.5268,6264.0,6134.0,130.0,-5.940236478804458
1747,3707.1121,6233.0,6140.0,93.0,-5.747201612819929
1748,3708.6974,6207.0,6142.0,65.0,-5.556000943235574
1749,3710.2829,6255.0,6149.0,106.0,-5.3669365162062945
1750,3711.8684,6241.0,6163.0,78.0,-5.180398124013564
1751,3713.4539,6274.0,6187.0,87.0,-4.9967703411724855
1752,3715.0396,6368.0,6248.0,120.0,-4.81611480898048
1753,3716.6253,6379.0,6273.0,106.0,-4.6383976064466665
1754,3718.2111,6373.0,6296.0,77.0,-4.4636529486516
1755,3719.797,6326.0,6239.0,87.0,-4.2918553435239915
1756,3721.3829,6425.0,6333.0,92.0,-4.123136643329808
1757,3722.9689,6540.0,6442.0,98.0,-3.957725267100102
1758,3724.5551,6419.0,6322.0,97.0,-3.795608425922339
1759,3726.1412,6260.0,6184.0,76.0,-3.636789781490677
1760,3727.7275,6191.0,6177.0,14.0,-3.481541510084895
1761,3729.3138,6408.0,6342.0,66.0,-3.3300704898897138
1762,3730.9003,6352.0,6283.0,69.0,-3.182841614968538
1763,3732.4868,6229.0,6161.0,68.0,-3.040352143410189
1764,3734.0734,6302.0,6190.0,112.0,-2.9024922018347397
1765,3735.66,6265.0,6172.0,93.0,-2.769080336479462
1766,3737.2468,6232.0,6185.0,47.0,-2.6401689360213894
1767,3738.8337,6674.0,6581.0,93.0,-2.515732250439548
1768,3740.4206,6568.0,6440.0,128.0,-2.3962479355554223
1769,3742.0076,6309.0,6245.0,64.0,-2.2825266895530305
1770,3743.5948,6318.0,6302.0,16.0,-2.1746737150255413
1771,3745.182,6260.0,6200.0,60.0,-2.072839947964084
1772,3746.7693,6227.0,6136.0,91.0,-1.9780704612222948
1773,3748.3567,6358.0,6210.0,148.0,-1.8912993547035981
1774,3749.9442,6348.0,6206.0,142.0,-1.8137648671467304
1775,3751.5318,6297.0,6201.0,96.0,-1.7467507323863742
1776,3753.1194,6316.0,6260.0,56.0,-1.689767984028549
1777,3754.7072,6305.0,6252.0,53.0,-1.6418178851979661
1778,3756.2951,6265.0,6175.0,90.0,-1.6026424940454547
1779,3757.8831,6250.0,6161.0,89.0,-1.5717871769704956
1780,3759.4712,6342.0,6274.0,68.0,-1.548908882303465
1781,3761.0593,6398.0,6298.0,100.0,-1.5340924915342171
1782,3762.6476,6428.0,6332.0,96.0,-1.5264531517589148
1783,3764.236,6512.0,6423.0,89.0,-1.5252462909304185
1784,3765.8245,6363.0,6260.0,103.0,-1.5316633397202608
1785,3767.4131,6229.0,6175.0,54.0,-1.5471814992368067
1786,3769.0018,6293.0,6227.0,66.0,-1.5736871585007464
1787,3770.5906,6294.0,6196.0,98.0,-1.613327238631392
1788,3772.1795,6250.0,6131.0,119.0,-1.6663769286974102
1789,3773.7686,6275.0,6168.0,107.0,-1.7327670897589798
1790,3775.3577,6270.0,6167.0,103.0,-1.8131393508391795
1791,3776.947,6318.0,6215.0,103.0,-1.9079643798757147
1792,3778.5363,6327.0,6220.0,107.0,-2.018569154128386
1793,3780.1258,6431.0,6331.0,100.0,-2.1468555147021675
1794,3781.7154,6441.0,6330.0,111.0,-2.2931744621929653
1795,3783.3051,6523.0,6399.0,124.0,-2.4578746467949486
1796,3784.8949,6427.0,6329.0,98.0,-2.642848525869347
1797,3786.4849,6249.0,6150.0,99.0,-2.849645210316787
1798,3788.0749,6369.0,6245.0,124.0,-3.080301438118852
1799,3789.6651,6398.0,6293.0,105.0,-3.3367314168135778
1800,3791.2554,6275.0,6201.0,74.0,-3.6173037025136736
1801,3792.8458,6265.0,6218.0,47.0,-3.9192627985863737
1802,3794.4364,6456.0,6385.0,71.0,-4.2406780127315
1803,3796.0271,6372.0,6294.0,78.0,-4.579080326886
1804,3797.6179,6349.0,6274.0,75.0,-4.932468016539808
1805,3799.2088,6397.0,6302.0,95.0,-5.299345229824681
1806,3800.7998,6298.0,6205.0,93.0,-5.6767202293040455
1807,3802.391,6346.0,6284.0,62.0,-6.061639005531845
1808,3803.9823,6498.0,6415.0,83.0,-6.453229430160803
1809,3805.5737,6794.0,6731.0,63.0,-6.850881152031846
1810,3807.1653,6788.0,6711.0,77.0,-7.2542410504347075
1811,3808.757,6485.0,6392.0,93.0,-7.663198068027306
1812,3810.3488,6611.0,6500.0,111.0,-8.075795167139972
1813,3811.9408,6503.0,6403.0,100.0,-8.489651371139551
1814,3813.5329,6359.0,6251.0,108.0,-8.903254374237896
1815,3815.1251,6450.0,6335.0,115.0,-9.314944367078603
1816,3816.7175,6400.0,6326.0,74.0,-9.723542858477352
1817,3818.31,6479.0,6436.0,43.0,-10.128370463426457
1818,3819.9026,6447.0,6389.0,58.0,-10.527503465854785
1819,3821.4954,6447.0,6335.0,112.0,-10.919075606652399
1820,3823.0883,6485.0,6409.0,76.0,-11.302966145656676
1821,3824.6814,6642.0,6575.0,67.0,-11.679005095565522
1822,3826.2746,7061.0,6960.0,101.0,-12.047372117281682
1823,3827.868,6735.0,6608.0,127.0,-12.408385819337767
1824,3829.4614,6265.0,6183.0,82.0,-12.759568426907641
1825,3831.0551,6260.0,6188.0,72.0,-13.097626319538655
1826,3832.6489,6287.0,6199.0,88.0,-13.420606652919531
1827,3834.2428,6290.0,6200.0,90.0,-13.726325469376313
1828,3835.8369,6309.0,6236.0,73.0,-14.012619745078624
1829,3837.4311,6300.0,6209.0,91.0,-14.278042261743693
1830,3839.0255,6328.0,6242.0,86.0,-14.51979410742598
1831,3840.62,6327.0,6249.0,78.0,-14.735365466175331
1832,3842.2147,6325.0,6224.0,101.0,-14.925510261230905
1833,3843.8096,6340.0,6216.0,124.0,-15.091660121377778
1834,3845.4046,6338.0,6276.0,62.0,-15.235686883923357
1835,3846.9997,6328.0,6275.0,53.0,-15.359983422870009
1836,3848.595,6325.0,6244.0,81.0,-15.464641684109125
1837,3850.1905,6534.0,6468.0,66.0,-15.549322036678625
1838,3851.7861,6544.0,6426.0,118.0,-15.6148761823139
1839,3853.3819,6403.0,6312.0,91.0,-15.662042880879014
1840,3854.9778,6330.0,6241.0,89.0,-15.692404645122338
1841,3856.5739,6544.0,6454.0,90.0,-15.708227976599971
1842,3858.1702,6521.0,6442.0,79.0,-15.710124261854894
1843,3859.7666,6322.0,6213.0,109.0,-15.698772020352997
1844,3861.3632,6309.0,6192.0,117.0,-15.676740383007214
1845,3862.96,6329.0,6206.0,123.0,-15.646309362229928
1846,3864.5569,6392.0,6275.0,117.0,-15.610487937421325
1847,3866.154,6394.0,6347.0,47.0,-15.572194022235166
1848,3867.7512,6371.0,6308.0,63.0,-15.530420222255572
1849,3869.3487,6296.0,6220.0,76.0,-15.483085226503754
1850,3870.9463,6314.0,6219.0,95.0,-15.4287846107434
1851,3872.544,6336.0,6217.0,119.0,-15.365612243452766
1852,3874.142,6497.0,6361.0,136.0,-15.29289027968909
1853,3875.7401,6585.0,6482.0,103.0,-15.210573159650352
1854,3877.3384,6442.0,6378.0,64.0,-15.117019709116256
1855,3878.9368,6355.0,6265.0,90.0,-15.010744142881592
1856,3880.5355,6478.0,6374.0,104.0,-14.891863274067774
1857,3882.1343,6454.0,6356.0,98.0,-14.760499933379485
1858,3883.7333,6706.0,6635.0,71.0,-14.617774192989685
1859,3885.3324,6599.0,6559.0,40.0,-14.4650647633242
1860,3886.9318,6315.0,6206.0,109.0,-14.301356500709254
1861,3888.5313,6489.0,6395.0,94.0,-14.125404439184187
1862,3890.131,6487.0,6414.0,73.0,-13.936578034342666
1863,3891.7309,6411.0,6331.0,80.0,-13.73418108623708
1864,3893.331,6421.0,6357.0,64.0,-13.519649318516748
1865,3894.9313,6483.0,6395.0,88.0,-13.295436387152712
1866,3896.5317,6410.0,6305.0,105.0,-13.062425607027116
1867,3898.1323,6331.0,6235.0,96.0,-12.821805347439351
1868,3899.7332,6441.0,6349.0,92.0,-12.576181321845723
1869,3901.3342,6412.0,6316.0,96.0,-12.327823593838154
1870,3902.9354,6393.0,6273.0,120.0,-12.080052588118491
1871,3904.5368,6451.0,6340.0,111.0,-11.836259522140665
1872,3906.1383,6499.0,6403.0,96.0,-11.596172611833744
1873,3907.7401,6540.0,6434.0,106.0,-11.35858331333074
1874,3909.3421,6454.0,6342.0,112.0,-11.123393473097956
1875,3910.9443,6360.0,6286.0,74.0,-10.890107331836319
1876,3912.5466,6381.0,6296.0,85.0,-10.659080585605622
1877,3914.1492,6545.0,6439.0,106.0,-10.431526359519552
1878,3915.7519,6500.0,6387.0,113.0,-10.206825785960127
1879,3917.3549,6387.0,6269.0,118.0,-9.984671668632679
1880,3918.958,6426.0,6289.0,137.0,-9.767538460879756
1881,3920.5613,6558.0,6430.0,128.0,-9.558222880224754
1882,3922.1649,6478.0,6381.0,97.0,-9.36048629342222
1883,3923.7686,6348.0,6279.0,69.0,-9.178459901790234
1884,3925.3726,6695.0,6646.0,49.0,-9.013047228314733
1885,3926.9768,6699.0,6570.0,129.0,-8.864632477298379
1886,3928.5811,6735.0,6609.0,126.0,-8.734575468962298
1887,3930.1857,6623.0,6522.0,101.0,-8.623950674678774
1888,3931.7905,6378.0,6257.0,121.0,-8.535853813522252
1889,3933.3954,6377.0,6289.0,88.0,-8.474405411822119
1890,3935.0006,6409.0,6353.0,56.0,-8.44119552359416
1891,3936.606,6509.0,6418.0,91.0,-8.437853317697673
1892,3938.2116,6469.0,6341.0,128.0,-8.468151649379237
1893,3939.8174,6401.0,6278.0,123.0,-8.535163412324579
1894,3941.4235,6376.0,6248.0,128.0,-8.643068085295276
1895,3943.0297,6514.0,6376.0,138.0,-8.795724317404336
1896,3944.6362,6522.0,6421.0,101.0,-8.99116550661472
1897,3946.2429,6504.0,6418.0,86.0,-9.225638745795436
1898,3947.8497,6426.0,6325.0,101.0,-9.496328065822361
1899,3949.4569,6440.0,6326.0,114.0,-9.799554778493295
1900,3951.0642,6415.0,6302.0,113.0,-10.132963028000738
1901,3952.6717,6433.0,6334.0,99.0,-10.495014312104537
1902,3954.2795,6424.0,6341.0,83.0,-10.881810373551609
1903,3955.8875,6441.0,6354.0,87.0,-11.289499751026916
1904,3957.4957,6482.0,6379.0,103.0,-11.71667209606862
1905,3959.1041,6521.0,6393.0,128.0,-12.162044727431784
1906,3960.7128,6506.0,6391.0,115.0,-12.625129502689802
1907,3962.3216,6458.0,6336.0,122.0,-13.105705386960764
1908,3963.9307,6396.0,6269.0,127.0,-13.600701320929076
1909,3965.5401,6643.0,6503.0,140.0,-14.106566487806127
1910,3967.1496,6550.0,6428.0,122.0,-14.620567701012561
1911,3968.7594,6473.0,6367.0,106.0,-15.139852012235771
1912,3970.3694,6821.0,6744.0,77.0,-15.663280768316021
1913,3971.9797,6660.0,6584.0,76.0,-16.190631387316643
1914,3973.5901,6339.0,6279.0,60.0,-16.720087353455156
1915,3975.2009,6487.0,6432.0,55.0,-17.25006521112104
1916,3976.8118,6498.0,6393.0,105.0,-17.78046903697009
1917,3978.423,6520.0,6414.0,106.0,-18.31098827697948
1918,3980.0344,6520.0,6396.0,124.0,-18.84210403270137
1919,3981.646,6411.0,6321.0,90.0,-19.37439608795311
1920,3983.2579,6379.0,6294.0,85.0,-19.905101973526733
1921,3984.87,6569.0,6464.0,105.0,-20.430520809326758
1922,3986.4824,6592.0,6491.0,101.0,-20.948172420736185
1923,3988.095,6452.0,6372.0,80.0,-21.45524676530757
1924,3989.7078,6411.0,6324.0,87.0,-21.94944488435793
1925,3991.3209,6453.0,6295.0,158.0,-22.429257733650253
1926,3992.9342,6400.0,6282.0,118.0,-22.891705238340826
1927,3994.5478,6394.0,6311.0,83.0,-23.334106105500013
1928,3996.1616,6448.0,6370.0,78.0,-23.756628579763863
1929,3997.7757,6579.0,6472.0,107.0,-24.1600092465658
1930,3999.39,6598.0,6483.0,115.0,-24.545504469951545
1931,4001.0045,6558.0,6451.0,107.0,-24.91483657438947
1932,4002.6193,6467.0,6379.0,88.0,-25.267548591044232
1933,4004.2343,6442.0,6349.0,93.0,-25.602800712679816
1934,4005.8496,6469.0,6376.0,93.0,-25.92077361797646
1935,4007.4652,6773.0,6683.0,90.0,-26.221540780157618
1936,4009.081,6889.0,6739.0,150.0,-26.506147917952013
1937,4010.697,6653.0,6507.0,146.0,-26.776283033830683
1938,4012.3133,6505.0,6370.0,135.0,-27.032206498962374
1939,4013.9299,6524.0,6418.0,106.0,-27.27426700479814
1940,4015.5467,6564.0,6479.0,85.0,-27.504272860142585
1941,4017.1638,6502.0,6415.0,87.0,-27.723762271703194
1942,4018.7811,6428.0,6351.0,77.0,-27.935007651538537
1943,4020.3987,6794.0,6707.0,87.0,-28.140183670726973
1944,4022.0165,6840.0,6749.0,91.0,-28.338097709254548
1945,4023.6346,6524.0,6437.0,87.0,-28.526684992589647
1946,4025.253,6425.0,6323.0,102.0,-28.704281134718872
1947,4026.8716,6566.0,6435.0,131.0,-28.86878234376047
1948,4028.4905,6515.0,6429.0,86.0,-29.01941967261393
1949,4030.1096,6538.0,6468.0,70.0,-29.15595042408594
1950,4031.729,6530.0,6458.0,72.0,-29.276872903372922
1951,4033.3487,6472.0,6381.0,91.0,-29.380829918948177
1952,4034.9687,6479.0,6367.0,112.0,-29.467293725549098
1953,4036.5889,6457.0,6382.0,75.0,-29.535642612380595
1954,4038.2094,6647.0,6540.0,107.0,-29.5862470862171
1955,4039.8301,6607.0,6481.0,126.0,-29.61963561907629
1956,4041.4511,6484.0,6408.0,76.0,-29.63455934738106
1957,4043.0724,6605.0,6539.0,66.0,-29.62974300834508
1958,4044.694,6564.0,6497.0,67.0,-29.604061419569028
1959,4046.3158,6503.0,6376.0,127.0,-29.556427742726573
1960,4047.9379,6547.0,6378.0,169.0,-29.48796501833225
1961,4049.5603,6526.0,6426.0,100.0,-29.400616515541326
1962,4051.1829,6546.0,6427.0,119.0,-29.29547341588153
1963,4052.8059,6608.0,6466.0,142.0,-29.1739679330343
1964,4054.4291,6575.0,6470.0,105.0,-29.0377342722739
1965,4056.0526,6569.0,6455.0,114.0,-28.888130413014864
1966,4057.6763,6537.0,6441.0,96.0,-28.727460102950808
1967,4059.3004,6503.0,6405.0,98.0,-28.558058895898846
1968,4060.9247,6544.0,6439.0,105.0,-28.38031516230179
1969,4062.5493,6545.0,6477.0,68.0,-28.194274450269845
1970,4064.1742,6688.0,6639.0,49.0,-28.00013239004283
1971,4065.7994,6704.0,6604.0,100.0,-27.797872510896433
1972,4067.4248,6523.0,6402.0,121.0,-27.588574544426677
1973,4069.0506,6552.0,6451.0,101.0,-27.37374383324528
1974,4070.6766,6630.0,6500.0,130.0,-27.154043193821316
1975,4072.3029,6712.0,6547.0,165.0,-26.930293039501656
1976,4073.9295,6580.0,6458.0,122.0,-26.70369598742348
1977,4075.5564,6555.0,6453.0,102.0,-26.47529703974096
1978,4077.1836,6614.0,6513.0,101.0,-26.246915525721867
1979,4078.8111,6581.0,6460.0,121.0,-26.020436211965894
1980,4080.4388,6872.0,6787.0,85.0,-25.79628689338731
1981,4082.0669,6844.0,6751.0,93.0,-25.574847406340155
1982,4083.6952,6625.0,6550.0,75.0,-25.35650250175425
1983,4085.3239,6569.0,6496.0,73.0,-25.141557541939207
1984,4086.9528,6594.0,6492.0,102.0,-24.931965190800803
1985,4088.5821,6572.0,6463.0,109.0,-24.73028771775465
1986,4090.2116,6562.0,6451.0,111.0,-24.53797746491434
1987,4091.8414,6624.0,6495.0,129.0,-24.356637856166557
1988,4093.4715,6638.0,6488.0,150.0,-24.188212862237513
1989,4095.102,6659.0,6540.0,119.0,-24.034191369664036
1990,4096.7327,6662.0,6543.0,119.0,-23.896893309432627
1991,4098.3637,6795.0,6647.0,148.0,-23.778463246423158
1992,4099.995,6828.0,6697.0,131.0,-23.678510803167576
1993,4101.6267,6643.0,6520.0,123.0,-23.596045012594416
1994,4103.2586,6549.0,6420.0,129.0,-23.529952462057473
1995,4104.8908,6683.0,6567.0,116.0,-23.478748544777012
1996,4106.5234,6713.0,6591.0,122.0,-23.44235222296887
1997,4108.1562,6680.0,6522.0,158.0,-23.420992513021055
1998,4109.7894,6675.0,6530.0,145.0,-23.413978278702096
1999,4111.4229,6630.0,6518.0,112.0,-23.420668918374027
2000,4113.0566,6625.0,6521.0,104.0,-23.4402903324875
2001,4114.6907,6714.0,6633.0,81.0,-23.471751842066006
2002,4116.3251,6712.0,6621.0,91.0,-23.51491422520335
2003,4117.9598,6969.0,6833.0,136.0,-23.569641732310714
2004,4119.5948,6847.0,6733.0,114.0,-23.634438987403257
2005,4121.2302,6590.0,6488.0,102.0,-23.707907776667376
2006,4122.8658,6625.0,6504.0,121.0,-23.788332229049743
2007,4124.5018,6598.0,6510.0,88.0,-23.87406407249574
2008,4126.1381,6632.0,6532.0,100.0,-23.9657284176037
2009,4127.7746,6721.0,6600.0,121.0,-24.064633057401934
2010,4129.4116,6721.0,6604.0,117.0,-24.171577068550306
2011,4131.0488,6614.0,6516.0,98.0,-24.28760912106123
2012,4132.6863,6653.0,6527.0,126.0,-24.413295446742282
2013,4134.3242,6674.0,6536.0,138.0,-24.54882385734276
2014,4135.9624,6684.0,6570.0,114.0,-24.695301965368188
2015,4137.6009,6670.0,6560.0,110.0,-24.85376111122695
2016,4139.2397,6601.0,6504.0,97.0,-25.024068158181265
2017,4140.8789,6692.0,6577.0,115.0,-25.205983802675853
2018,4142.5184,6685.0,6540.0,145.0,-25.398847499004972
2019,4144.1582,6642.0,6505.0,137.0,-25.601827513019565
2020,4145.7983,6647.0,6506.0,141.0,-25.815385988918564
2021,4147.4388,6632.0,6514.0,118.0,-26.04016342376842
2022,4149.0796,6638.0,6492.0,146.0,-26.276344551350995
2023,4150.7207,6798.0,6644.0,154.0,-26.52416238696452
2024,4152.3621,6749.0,6608.0,141.0,-26.782988006205137
2025,4154.0039,6775.0,6667.0,108.0,-27.05172189710394
2026,4155.646,6806.0,6703.0,103.0,-27.330050492657783
2027,4157.2884,6773.0,6674.0,99.0,-27.61754813213698
2028,4158.9312,6843.0,6762.0,81.0,-27.912931448801174
2029,4160.5743,6786.0,6660.0,126.0,-28.21501710248743
2030,4162.2178,6709.0,6555.0,154.0,-28.522207545111684
2031,4163.8615,6787.0,6627.0,160.0,-28.83282654176366
2032,4165.5057,6776.0,6665.0,111.0,-29.147062450066315
2033,4167.1501,6745.0,6647.0,98.0,-29.465565596980888
2034,4168.7949,6711.0,6592.0,119.0,-29.788350086993823
2035,4170.44,6696.0,6555.0,141.0,-30.1155982721588
2036,4172.0855,6733.0,6661.0,72.0,-30.447240478536145
2037,4173.7313,6872.0,6776.0,96.0,-30.78276531048933
2038,4175.3774,6968.0,6819.0,149.0,-31.12256152665558
2039,4177.0239,6851.0,6724.0,127.0,-31.466882915094303
2040,4178.6708,6728.0,6599.0,129.0,-31.814343734527633
2041,4180.3179,6700.0,6566.0,134.0,-32.16329491773149
2042,4181.9655,6908.0,6784.0,124.0,-32.51177566633205
2043,4183.6133,6894.0,6765.0,129.0,-32.85755105664503
2044,4185.2615,6787.0,6678.0,109.0,-33.19995211535583
2045,4186.9101,6950.0,6849.0,101.0,-33.538581669483406
2046,4188.559,6950.0,6849.0,101.0,-33.87242918389435
2047,4190.2083,6950.0,6849.0,101.0,-34.20064475570824
